# Polynomial fit
# Mossa et al. (LUNA), Nature 587 (2020) 210–213
1.000000000000000021e-03 1.369854006819702587e-11 1.014706671718299980e+00
1.018628990244687619e-03 1.521425002607269668e-11 1.014734125808683718e+00
1.037605019766911670e-03 1.692355131408879835e-11 1.014761933988578724e+00
1.056934553557988335e-03 1.885397805396466586e-11 1.014790097293701399e+00
1.076624177045493267e-03 2.103733736592617220e-11 1.014818616590384082e+00
1.096680598336868817e-03 2.351042291125136558e-11 1.014847492566496978e+00
1.117110650504824203e-03 2.631585531825009335e-11 1.014876725722045014e+00
1.137921293915315117e-03 2.950307331942748224e-11 1.014906316359432070e+00
1.159119618598885995e-03 3.312950412046349929e-11 1.014936264573384150e+00
1.180712846666190276e-03 3.726194717803075701e-11 1.014966570240525279e+00
1.202708334768512206e-03 4.197821238840674270e-11 1.014997233008595456e+00
1.225113576604119165e-03 4.736906193245636195e-11 1.015028252285305799e+00
1.247936205471311460e-03 5.354051499005866238e-11 1.015059627226819750e+00
1.271183996869029113e-03 6.061658660137098115e-11 1.015091356725855709e+00
1.294864871145905150e-03 6.874254656925915389e-11 1.015123439399401306e+00
1.318986896198670470e-03 7.808880202449872955e-11 1.015155873576033985e+00
1.343558290220826226e-03 8.885552879584246872e-11 1.015188657282837914e+00
1.368587424502519176e-03 1.012782028772941810e-10 1.015221788231913225e+00
1.394082826282578864e-03 1.156342150907809162e-10 1.015255263806469577e+00
1.420053181653683095e-03 1.322507907621495721e-10 1.015289081046496289e+00
1.446507338521647434e-03 1.515144834068722153e-10 1.015323236634007253e+00
1.473454309619835973e-03 1.738825689563326457e-10 1.015357726877849309e+00
1.500903275579736594e-03 1.998967372776291875e-10 1.015392547698074299e+00
1.528863588058731147e-03 2.301995635158760781e-10 1.015427694609867260e+00
1.557344772926135424e-03 2.655543466438680230e-10 1.015463162707027633e+00
1.586356533508589874e-03 3.068690308771507144e-10 1.015498946645000622e+00
1.615908753895919101e-03 3.552250826422483749e-10 1.015535040623455787e+00
1.646011502308549965e-03 4.119123881436915455e-10 1.015571438368410240e+00
1.676675034527699360e-03 4.784714723543541705e-10 1.015608133113897749e+00
1.707909797389427133e-03 5.567446294168783345e-10 1.015645117583182877e+00
1.739726432343800984e-03 6.489379092622652502e-10 1.015682383969520375e+00
1.772135779080358372e-03 7.576963408328897212e-10 1.015719923916464262e+00
1.805148879221108154e-03 8.861953072409422664e-10 1.015757728497729051e+00
1.838776980082327010e-03 1.038251645394517997e-09 1.015795788196609539e+00
1.873031538506436753e-03 1.218458850248449895e-09 1.015834092884963846e+00
1.907924224765265289e-03 1.432351756529746241e-09 1.015872631801770787e+00
1.943466926536020463e-03 1.686607291127475873e-09 1.015911393531270468e+00
1.979671752951332481e-03 1.989289389622193357e-09 1.015950365980700543e+00
2.016551038724746607e-03 2.350148014845748749e-09 1.015989536357643441e+00
2.054117348353064112e-03 2.780984482593945082e-09 1.016028891146999902e+00
2.092383480396977150e-03 3.296098086025444092e-09 1.016068416087610338e+00
2.131362471841437810e-03 3.912832433710923193e-09 1.016108096148543805e+00
2.171067602537265356e-03 4.652244120641591687e-09 1.016147915505083876e+00
2.211512399725488933e-03 5.539921512163892012e-09 1.016187857514433412e+00
2.252710642645980917e-03 6.606987751149929383e-09 1.016227904691177297e+00
2.294676367231936534e-03 7.891329857723619717e-09 1.016268038682532460e+00
2.337423870891814758e-03 9.439105292100272783e-09 1.016308240243430028e+00
2.380967717380358135e-03 1.130658897309018143e-08 1.016348489211470474e+00
2.425322741760353382e-03 1.356243794305835399e-08 1.016388764481799489e+00
2.470504055456825866e-03 1.629046819073663194e-08 1.016429043981963654e+00
2.516527051405391836e-03 1.959305923830785367e-08 1.016469304646798077e+00
2.563407409296515269e-03 2.359532774352265131e-08 1.016509522393414855e+00
2.611161100917459583e-03 2.845024247731156691e-08 1.016549672096364709e+00
2.659804395593758260e-03 3.434489068867750948e-08 1.016589727563043777e+00
2.709353865732051433e-03 4.150815131732584761e-08 1.016629661509437010e+00
2.759826392466180594e-03 5.022008521383310325e-08 1.016669445536286576e+00
2.811239171408464344e-03 6.082341814320197979e-08 1.016709050105786050e+00
2.863609718508116318e-03 7.373757076912235070e-08 1.016748444518912109e+00
2.916955876018795853e-03 8.947578315533584385e-08 1.016787596893509615e+00
2.971295818577334488e-03 1.086659919006610736e-07 1.016826474143260883e+00
3.026648059395692630e-03 6.656471214228076860e-07 1.016609668731689453e+00
3.083031456568277075e-03 7.706884730396268424e-07 1.016599059104919434e+00
3.140465219496752208e-03 8.914399813875206746e-07 1.016587972640991211e+00
3.198968915434537586e-03 1.030117914524453226e-06 1.016577005386352539e+00
3.258562476153226226e-03 1.189232648357574362e-06 1.016565442085266113e+00
3.319266204733190007e-03 1.371623284285305999e-06 1.016554355621337891e+00
3.381100782480685879e-03 1.580496018505073152e-06 1.016542792320251465e+00
3.444087275973823411e-03 1.819475642150791828e-06 1.016531109809875488e+00
3.508247144239792347e-03 2.092646582241286524e-06 1.016519665718078613e+00
3.573602246065788780e-03 2.404613042017444968e-06 1.016508102416992188e+00
3.640174847446141400e-03 2.760560846581938677e-06 1.016496300697326660e+00
3.707987629168173118e-03 3.166315991620649584e-06 1.016484856605529785e+00
3.777063694539364597e-03 3.628437752922764048e-06 1.016472697257995605e+00
3.847426577258505898e-03 4.154282123636221513e-06 1.016460895538330078e+00
3.919100249433401899e-03 4.752102086058584973e-06 1.016448497772216797e+00
3.992109129748053209e-03 5.431147201306885108e-06 1.016436576843261719e+00
4.066478091781853925e-03 6.201771611813455820e-06 1.016424179077148438e+00
4.142232472483897525e-03 7.075571829773252830e-06 1.016412019729614258e+00
4.219398080805024202e-03 8.065496331255417317e-06 1.016399502754211426e+00
4.298001206490799364e-03 9.186011084238998592e-06 1.016386866569519043e+00
4.378068629038167625e-03 1.045325552695430815e-05 1.016374588012695312e+00
4.459627626819095622e-03 1.188522946904413402e-05 1.016361832618713379e+00
4.542705986374043388e-03 1.350197089777793735e-05 1.016349077224731445e+00
4.627332011878692967e-03 1.532580245111603290e-05 1.016336202621459961e+00
4.713534534786907593e-03 1.738150058372411877e-05 1.016323447227478027e+00
4.801342923653449841e-03 1.969666482182219625e-05 1.016310453414916992e+00
4.890787094139589959e-03 2.230187055829446763e-05 1.016297578811645508e+00
4.981897519205159656e-03 2.523106013541109860e-05 1.016284227371215820e+00
5.074705239490466188e-03 2.852184115909039974e-05 1.016271352767944336e+00
5.169241873891598608e-03 3.221589940949343145e-05 1.016257882118225098e+00
5.265539630332755246e-03 3.635926987044513226e-05 1.016244530677795410e+00
5.363631316739239652e-03 4.100293881492689252e-05 1.016231179237365723e+00
5.463550352214876366e-03 4.620317849912680686e-05 1.016217827796936035e+00
5.565330778427647271e-03 5.202213287702761590e-05 1.016204357147216797e+00
5.669007271207434327e-03 5.852829053765162826e-05 1.016190648078918457e+00
5.774615152359820376e-03 6.579718319699168205e-05 1.016177177429199219e+00
5.882190401699956966e-03 7.391201506834477186e-05 1.016163468360900879e+00
5.991769669310619169e-03 8.296419400721788406e-05 1.016149640083312988e+00
6.103390288028621123e-03 9.305432467954233289e-05 1.016135931015014648e+00
6.217090286163826779e-03 1.042930089170113206e-04 1.016121983528137207e+00
6.332908400455115189e-03 1.168014932773075998e-04 1.016108155250549316e+00
6.450884089267692675e-03 1.307127822656184435e-04 1.016094326972961426e+00
6.571057546036270826e-03 1.461728970753028989e-04 1.016080498695373535e+00
6.693469712958661361e-03 1.633414794923737645e-04 1.016066312789916992e+00
6.818162294944479437e-03 1.823935308493673801e-04 1.016052365303039551e+00
6.945177773823696388e-03 2.035202196566388011e-04 1.016038060188293457e+00
7.074559422819878297e-03 2.269302785862237215e-04 1.016023993492126465e+00
7.206351321293052656e-03 2.528523909859359264e-04 1.016009807586669922e+00
7.340598369757212090e-03 2.815353509504348040e-04 1.015995740890502930e+00
7.477346305177588227e-03 3.132507263217121363e-04 1.015981554985046387e+00
7.616641716552892058e-03 3.482944739516824484e-04 1.015967369079589844e+00
7.758532060787836845e-03 3.869890642818063498e-04 1.015952825546264648e+00
7.903065678861348128e-03 4.296847037039697170e-04 1.015938758850097656e+00
8.050291812295981564e-03 4.767630889546126127e-04 1.015924453735351562e+00
8.200260619934132689e-03 5.286386003717780113e-04 1.015910148620605469e+00
8.353023195026778799e-03 5.857608048245310783e-04 1.015895724296569824e+00
8.508631582640582489e-03 6.486181518994271755e-04 1.015881657600402832e+00
8.667138797389234081e-03 7.177395164035260677e-04 1.015867233276367188e+00
8.828598841495149604e-03 7.936994079500436783e-04 1.015852808952331543e+00
8.993066723187623582e-03 8.771184366196393967e-04 1.015838623046875000e+00
9.160598475443709407e-03 9.686691919341683388e-04 1.015824317932128906e+00
9.331251175078249249e-03 1.069077989086508751e-03 1.015810012817382812e+00
9.505082962189513596e-03 1.179131912067532539e-03 1.015795946121215820e+00
9.682153059967075343e-03 1.299678348004817963e-03 1.015781641006469727e+00
9.862521794868784469e-03 1.431633834727108479e-03 1.015767574310302734e+00
1.004625061717340749e-02 1.575986621901392937e-03 1.015753269195556641e+00
1.023340212191641702e-02 1.733800279907882214e-03 1.015739321708679199e+00
1.042404007021556327e-02 1.906223827973008156e-03 1.015725135803222656e+00
1.061822941099384125e-02 2.094491617754101753e-03 1.015711188316345215e+00
1.081603630310709954e-02 2.299933228641748428e-03 1.015697121620178223e+00
1.101752813788386791e-02 2.523976378142833710e-03 1.015683174133300781e+00
1.122277356208507826e-02 2.768157050013542175e-03 1.015669465065002441e+00
1.143184250129149725e-02 3.034122753888368607e-03 1.015655755996704102e+00
1.164480618372686072e-02 3.323645098134875298e-03 1.015642166137695312e+00
1.186173716452478509e-02 3.638620488345623016e-03 1.015628457069396973e+00
1.208270935044776506e-02 3.981085028499364853e-03 1.015615105628967285e+00
1.230779802506665188e-02 4.353217780590057373e-03 1.015601634979248047e+00
1.253707987440920262e-02 4.757353570312261581e-03 1.015588045120239258e+00
1.277063301308644164e-02 5.195983219891786575e-03 1.015574812889099121e+00
1.300853701090571440e-02 5.671783350408077240e-03 1.015561938285827637e+00
1.325087291997953214e-02 6.187606602907180786e-03 1.015549063682556152e+00
1.349772330233941879e-02 6.746503524482250214e-03 1.015536069869995117e+00
1.374917225806419029e-02 7.351727224886417389e-03 1.015523195266723633e+00
1.400530545393219653e-02 8.006743155419826508e-03 1.015510439872741699e+00
1.426621015260736910e-02 8.715263567864894867e-03 1.015498399734497070e+00
1.453197524236895383e-02 9.481235407292842865e-03 1.015485882759094238e+00
1.480269126739508674e-02 1.030885428190231323e-02 1.015473723411560059e+00
1.507845045861051086e-02 1.120259333401918411e-02 1.015461921691894531e+00
1.535934676510897212e-02 1.216722372919321060e-02 1.015450119972229004e+00
1.564547588616096302e-02 1.320781186223030090e-02 1.015438199043273926e+00
1.593693530381774456e-02 1.432972028851509094e-02 1.015427350997924805e+00
1.623382431612278159e-02 1.553868409246206284e-02 1.015415668487548828e+00
1.653624407094180654e-02 1.684075966477394104e-02 1.015404582023620605e+00
1.684429760042315330e-02 1.824238151311874390e-02 1.015393733978271484e+00
1.715808985610004986e-02 1.975040696561336517e-02 1.015383124351501465e+00
1.747772774464680795e-02 2.137204445898532867e-02 1.015372872352600098e+00
1.780332016430113962e-02 2.311497740447521210e-02 1.015362858772277832e+00
1.813497804196495186e-02 2.498735114932060242e-02 1.015352487564086914e+00
1.847281437099634188e-02 2.699773386120796204e-02 1.015342950820922852e+00
1.881694424970555696e-02 2.915522828698158264e-02 1.015333652496337891e+00
1.916748492056815495e-02 3.146945312619209290e-02 1.015324831008911133e+00
1.952455581016861175e-02 3.395057469606399536e-02 1.015315771102905273e+00
1.988827856988809734e-02 3.660934045910835266e-02 1.015307307243347168e+00
2.025877711735016989e-02 3.945707157254219055e-02 1.015298843383789062e+00
2.063617767863858837e-02 4.250572621822357178e-02 1.015290617942810059e+00
2.102060883130158278e-02 4.576792195439338684e-02 1.015283465385437012e+00
2.141220154815729609e-02 4.925698786973953247e-02 1.015275955200195312e+00
2.181108924191519152e-02 5.298691987991333008e-02 1.015269041061401367e+00
2.221740781062883641e-02 5.697251483798027039e-02 1.015262246131896973e+00
2.263129568399528668e-02 6.122924759984016418e-02 1.015255928039550781e+00
2.305289387051707301e-02 6.577353179454803467e-02 1.015249967575073242e+00
2.348234600554275145e-02 7.062263041734695435e-02 1.015244245529174805e+00
2.391979840020238418e-02 7.579450309276580811e-02 1.015239357948303223e+00
2.436540009125464853e-02 8.130823075771331787e-02 1.015234351158142090e+00
2.481930289186254357e-02 8.718387782573699951e-02 1.015229701995849609e+00
2.528166144331499277e-02 9.344223886728286743e-02 1.015225768089294434e+00
2.575263326771199887e-02 1.001055166125297546e-01 1.015221834182739258e+00
2.623237882163122550e-02 1.071966513991355896e-01 1.015219211578369141e+00
2.672106155079433804e-02 1.147399321198463440e-01 1.015215873718261719e+00
2.721884794575178332e-02 1.227607429027557373e-01 1.015213847160339355e+00
2.772590759860482992e-02 1.312856227159500122e-01 1.015211701393127441e+00
2.824241326078434297e-02 1.403425037860870361e-01 1.015210032463073730e+00
2.876854090190593058e-02 1.499604731798171997e-01 1.015209317207336426e+00
2.930446976972143208e-02 1.601701378822326660e-01 1.015208959579467773e+00
2.985038245118731143e-02 1.710033118724822998e-01 1.015208363533020020e+00
3.040646493467067529e-02 1.824934780597686768e-01 1.015209078788757324e+00
3.097290667331408648e-02 1.946753412485122681e-01 1.015210270881652832e+00
3.154990064958086704e-02 2.075857073068618774e-01 1.015211343765258789e+00
3.213764344100277642e-02 2.212622910737991333e-01 1.015213370323181152e+00
3.273633528715246682e-02 2.357450127601623535e-01 1.015216112136840820e+00
3.334618015786364187e-02 2.510753571987152100e-01 1.015218734741210938e+00
3.396738582272208068e-02 2.672963738441467285e-01 1.015222430229187012e+00
3.460016392185108480e-02 2.844535708427429199e-01 1.015226483345031738e+00
3.524473003801584237e-02 3.025936186313629150e-01 1.015231251716613770e+00
3.590130377007069024e-02 3.217657804489135742e-01 1.015236616134643555e+00
3.657010880777489953e-02 3.420210480690002441e-01 1.015242576599121094e+00
3.725137300800209633e-02 3.634125888347625732e-01 1.015249013900756836e+00
3.794532847236938011e-02 3.859957158565521240e-01 1.015255928039550781e+00
3.865221162631262558e-02 4.098281860351562500e-01 1.015263438224792480e+00
3.937226329963479377e-02 4.349698424339294434e-01 1.015271306037902832e+00
4.010572880855496625e-02 4.614827334880828857e-01 1.015280246734619141e+00
4.085285803928561527e-02 4.894319176673889160e-01 1.015290021896362305e+00
4.161390553316707264e-02 5.188844799995422363e-01 1.015300035476684570e+00
4.238913057338779267e-02 5.499106645584106445e-01 1.015310883522033691e+00
4.317879727332021855e-02 5.825828313827514648e-01 1.015322327613830566e+00
4.398317466650224217e-02 6.169763207435607910e-01 1.015334486961364746e+00
4.480253679829490632e-02 6.531696319580078125e-01 1.015347123146057129e+00
4.563716281924758839e-02 6.912437677383422852e-01 1.015360355377197266e+00
4.648733708020257038e-02 7.312824130058288574e-01 1.015374302864074707e+00
4.735334922917116413e-02 7.733739018440246582e-01 1.015389084815979004e+00
4.823549431001467741e-02 8.176079988479614258e-01 1.015404343605041504e+00
4.913407286296361809e-02 8.640783429145812988e-01 1.015420436859130859e+00
5.004939102700953213e-02 9.128825664520263672e-01 1.015437245368957520e+00
5.098176064420424647e-02 9.641212224960327148e-01 1.015454530715942383e+00
5.193149936590212012e-02 1.017897248268127441e+00 1.015473127365112305e+00
5.289893076098151070e-02 1.074319958686828613e+00 1.015491962432861328e+00
5.388438442608223938e-02 1.133500218391418457e+00 1.015511274337768555e+00
5.488819609789671872e-02 1.195553302764892578e+00 1.015532016754150391e+00
5.591070776755290017e-02 1.260599017143249512e+00 1.015552878379821777e+00
5.695226779712821846e-02 1.328759908676147461e+00 1.015574693679809570e+00
5.801323103833375822e-02 1.400163888931274414e+00 1.015597105026245117e+00
5.909395895340967958e-02 1.474942922592163086e+00 1.015620231628417969e+00
6.019481973827271737e-02 1.553232312202453613e+00 1.015644192695617676e+00
6.131618844795772016e-02 1.635173201560974121e+00 1.015668988227844238e+00
6.245844712439614643e-02 1.720910072326660156e+00 1.015694379806518555e+00
6.362198492657485105e-02 1.810593485832214355e+00 1.015720605850219727e+00
6.480719826311967524e-02 1.904377460479736328e+00 1.015747785568237305e+00
6.601449092734885948e-02 2.002422571182250977e+00 1.015775322914123535e+00
6.724427423484247157e-02 2.104891300201416016e+00 1.015803813934326172e+00
6.849696716357445148e-02 2.211954832077026367e+00 1.015833020210266113e+00
6.977299649665534564e-02 2.323786973953247070e+00 1.015863060951232910e+00
7.107279696773415034e-02 2.440569400787353516e+00 1.015893816947937012e+00
7.239681140910875223e-02 2.562486171722412109e+00 1.015925288200378418e+00
7.374549090259549522e-02 2.689730405807495117e+00 1.015957832336425781e+00
7.511929493320966544e-02 2.822499036788940430e+00 1.015990614891052246e+00
7.651869154570821452e-02 2.960993289947509766e+00 1.016024589538574219e+00
7.794415750404946885e-02 3.105423927307128906e+00 1.016059041023254395e+00
7.939617845382279659e-02 3.256006240844726562e+00 1.016094565391540527e+00
8.087524908770454823e-02 3.412961483001708984e+00 1.016130447387695312e+00
8.238187331399607349e-02 3.576516389846801758e+00 1.016167163848876953e+00
8.391656442830157381e-02 3.746905803680419922e+00 1.016204953193664551e+00
8.547984528840409102e-02 3.924372673034667969e+00 1.016243338584899902e+00
8.707224849239918185e-02 4.109162807464599609e+00 1.016282439231872559e+00
8.869431656014709064e-02 4.301531791687011719e+00 1.016322493553161621e+00
9.034660211810525976e-02 4.501742362976074219e+00 1.016363263130187988e+00
9.202966808760411344e-02 4.710064411163330078e+00 1.016404628753662109e+00
9.374408787662991127e-02 4.926774024963378906e+00 1.016446709632873535e+00
9.549044557518077125e-02 5.152153015136718750e+00 1.016489624977111816e+00
9.726933615426168467e-02 5.386501789093017578e+00 1.016533493995666504e+00
9.908136566858666283e-02 5.630111217498779297e+00 1.016578078269958496e+00
1.009271514630570854e-01 5.883293151855468750e+00 1.016623258590698242e+00
1.028073223830864857e-01 6.146364212036132812e+00 1.016669154167175293e+00
1.047225189888434521e-01 6.419649124145507812e+00 1.016716003417968750e+00
1.066733937734857113e-01 6.703478813171386719e+00 1.016763329505920410e+00
1.086606113854596822e-01 6.998198986053466797e+00 1.016811609268188477e+00
1.106848488549412174e-01 7.304162979125976562e+00 1.016860723495483398e+00
1.127467958244946222e-01 7.621723651885986328e+00 1.016910314559936523e+00
1.148471547840289042e-01 7.951252460479736328e+00 1.016960859298706055e+00
1.169866413101306873e-01 8.293134689331054688e+00 1.017012238502502441e+00
1.191659843098558796e-01 8.647751808166503906e+00 1.017064094543457031e+00
1.213859262690627772e-01 9.015501976013183594e+00 1.017116785049438477e+00
1.236472235053715230e-01 9.396796226501464844e+00 1.017170190811157227e+00
1.259506464258357550e-01 9.792055130004882812e+00 1.017224311828613281e+00
1.282969797894147612e-01 1.020170688629150391e+01 1.017279267311096191e+00
1.306870229743346268e-01 1.062618446350097656e+01 1.017334818840026855e+00
1.331215902504307991e-01 1.106594753265380859e+01 1.017391204833984375e+00
1.356015110565633452e-01 1.152145195007324219e+01 1.017448186874389648e+00
1.381276302832009639e-01 1.199316883087158203e+01 1.017506122589111328e+00
1.407008085602685366e-01 1.248159027099609375e+01 1.017564415931701660e+00
1.433219225503574168e-01 1.298720359802246094e+01 1.017623662948608398e+00
1.459918652473978506e-01 1.351052188873291016e+01 1.017683506011962891e+00
1.487115462808953625e-01 1.405206203460693359e+01 1.017744541168212891e+00
1.514818922258345801e-01 1.461236000061035156e+01 1.017805695533752441e+00
1.543038469183564965e-01 1.519195842742919922e+01 1.017867922782897949e+00
1.571783717773162781e-01 1.579140949249267578e+01 1.017930746078491211e+00
1.601064461318318088e-01 1.641129112243652344e+01 1.017994523048400879e+00
1.630890675549332980e-01 1.705219078063964844e+01 1.018058776855468750e+00
1.661272522034293320e-01 1.771470069885253906e+01 1.018123626708984375e+00
1.692220351641037235e-01 1.839942550659179688e+01 1.018189549446105957e+00
1.723744708063619790e-01 1.910700798034667969e+01 1.018256068229675293e+00
1.755856331414468730e-01 1.983807182312011719e+01 1.018323183059692383e+00
1.788566161883462236e-01 2.059328460693359375e+01 1.018391013145446777e+00
1.821885343465165230e-01 2.137330055236816406e+01 1.018459916114807129e+00
1.855825227755517060e-01 2.217882728576660156e+01 1.018529176712036133e+00
1.890397377819219571e-01 2.301054191589355469e+01 1.018599152565002441e+00
1.925613572129196982e-01 2.386917304992675781e+01 1.018670201301574707e+00
1.961485808579429557e-01 2.475545310974121094e+01 1.018741846084594727e+00
1.998026308572548870e-01 2.567013168334960938e+01 1.018813729286193848e+00
2.035247521183575770e-01 2.661396026611328125e+01 1.018887519836425781e+00
2.073162127401229349e-01 2.758774757385253906e+01 1.018961071968078613e+00
2.111783044448242441e-01 2.859227180480957031e+01 1.019035935401916504e+00
2.151123430182164953e-01 2.962834739685058594e+01 1.019111394882202148e+00
2.191196687578147451e-01 3.069683456420898438e+01 1.019187569618225098e+00
2.232016469295232397e-01 3.179855918884277344e+01 1.019264578819274902e+00
2.273596682327715390e-01 3.293441390991210938e+01 1.019342541694641113e+00
2.315951492743152096e-01 3.410528564453125000e+01 1.019421100616455078e+00
2.359095330508634014e-01 3.531208038330078125e+01 1.019500613212585449e+00
2.403042894406967334e-01 3.655572891235351562e+01 1.019581079483032227e+00
2.447809157044440465e-01 3.783719635009765625e+01 1.019662141799926758e+00
2.493409369951878063e-01 3.915744781494140625e+01 1.019743919372558594e+00
2.539859068780723761e-01 4.051747131347656250e+01 1.019826889038085938e+00
2.587174078595921300e-01 4.191826629638671875e+01 1.019910812377929688e+00
2.635370519267393186e-01 4.336089706420898438e+01 1.019995331764221191e+00
2.684464810961962322e-01 4.484642028808593750e+01 1.020080804824829102e+00
2.734473679737580154e-01 4.637590026855468750e+01 1.020167469978332520e+00
2.785414163241766161e-01 4.795046234130859375e+01 1.020254731178283691e+00
2.837303616516211324e-01 4.957118988037109375e+01 1.020343661308288574e+00
2.890159717909508430e-01 5.123930358886718750e+01 1.020432472229003906e+00
2.944000475100034264e-01 5.295591735839843750e+01 1.020523428916931152e+00
2.998844231231028168e-01 5.472227096557617188e+01 1.020614624023437500e+00
3.054709671159968054e-01 5.653956222534179688e+01 1.020707011222839355e+00
3.111615827824360525e-01 5.840908050537109375e+01 1.020800590515136719e+00
3.169582088726115576e-01 6.033207321166992188e+01 1.020895004272460938e+00
3.228628202536730218e-01 6.230984115600585938e+01 1.020991086959838867e+00
3.288774285825510901e-01 6.434376525878906250e+01 1.021087765693664551e+00
3.350040829913132900e-01 6.643515777587890625e+01 1.021186113357543945e+00
3.412448707852889784e-01 6.858544921875000000e+01 1.021285176277160645e+00
3.476019181541977754e-01 7.079602050781250000e+01 1.021385431289672852e+00
3.540773908965269556e-01 7.306835937500000000e+01 1.021487236022949219e+00
3.606734951574028236e-01 7.540390014648437500e+01 1.021590352058410645e+00
3.673924781802074269e-01 7.780420684814453125e+01 1.021694779396057129e+00
3.742366290721981237e-01 8.027076721191406250e+01 1.021799921989440918e+00
3.812082795843887983e-01 8.280519104003906250e+01 1.021907210350036621e+00
3.883098049059605095e-01 8.540908813476562500e+01 1.022015571594238281e+00
3.955436244734701901e-01 8.808408355712890625e+01 1.022125363349914551e+00
4.029122027951347884e-01 9.083184051513671875e+01 1.022237181663513184e+00
4.104180502904709038e-01 9.365412139892578125e+01 1.022349596023559570e+00
4.180637241455758546e-01 9.655261993408203125e+01 1.022464036941528320e+00
4.258518291843414461e-01 9.952912902832031250e+01 1.022580027580261230e+00
4.337850187558989212e-01 1.025854873657226562e+02 1.022697448730468750e+00
4.418659956385941889e-01 1.057235107421875000e+02 1.022817015647888184e+00
4.500975129608046910e-01 1.089451675415039062e+02 1.022937893867492676e+00
4.584823751389096036e-01 1.122523117065429688e+02 1.023060441017150879e+00
4.670234388327330621e-01 1.156469726562500000e+02 1.023185133934020996e+00
4.757236139187885349e-01 1.191311035156250000e+02 1.023311495780944824e+00
4.845858644816491423e-01 1.227068252563476562e+02 1.023440003395080566e+00
4.936132098237912547e-01 1.263762130737304688e+02 1.023570299148559570e+00
5.028087254942474882e-01 1.301414031982421875e+02 1.023702621459960938e+00
5.121755443364236493e-01 1.340045928955078125e+02 1.023836731910705566e+00
5.217168575554343990e-01 1.379680328369140625e+02 1.023973226547241211e+00
5.314359158053235666e-01 1.420339660644531250e+02 1.024111509323120117e+00
5.413360302965375404e-01 1.462046813964843750e+02 1.024252295494079590e+00
5.514205739240297666e-01 1.504826202392578125e+02 1.024395346641540527e+00
5.616929824163804374e-01 1.548701934814453125e+02 1.024540781974792480e+00
5.721567555063247212e-01 1.593697967529296875e+02 1.024688601493835449e+00
5.828154581230839959e-01 1.639840698242187500e+02 1.024838447570800781e+00
5.936727216069120905e-01 1.687154541015625000e+02 1.024991154670715332e+00
6.047322449462643190e-01 1.735667266845703125e+02 1.025146484375000000e+00
6.159977960380161877e-01 1.785404052734375000e+02 1.025304079055786133e+00
6.274732129711574347e-01 1.836393127441406250e+02 1.025464534759521484e+00
6.391624053343999412e-01 1.888662414550781250e+02 1.025627851486206055e+00
6.510693555481456007e-01 1.942239990234375000e+02 1.025793910026550293e+00
6.631981202212668958e-01 1.997154541015625000e+02 1.025962948799133301e+00
6.755528315331639222e-01 2.053436431884765625e+02 1.026134967803955078e+00
6.881376986415662644e-01 2.111115875244140625e+02 1.026309609413146973e+00
7.009570091165617800e-01 2.170222778320312500e+02 1.026487827301025391e+00
7.140151304013395706e-01 2.230789489746093750e+02 1.026668787002563477e+00
7.273165113001454074e-01 2.292847900390625000e+02 1.026853442192077637e+00
7.408656834939559843e-01 2.356429901123046875e+02 1.027041077613830566e+00
7.546672630843888063e-01 2.421569519042968750e+02 1.027232289314270020e+00
7.687259521663729611e-01 2.488301544189453125e+02 1.027426838874816895e+00
7.830465404301183430e-01 2.556658935546875000e+02 1.027624964714050293e+00
7.976339067929274496e-01 2.626678161621093750e+02 1.027826786041259766e+00
8.124930210614047521e-01 2.698394470214843750e+02 1.028032422065734863e+00
8.276289456246344045e-01 2.771845397949218750e+02 1.028241634368896484e+00
8.430468371788967241e-01 2.847068481445312500e+02 1.028454899787902832e+00
8.587519484845171913e-01 2.924102783203125000e+02 1.028672099113464355e+00
8.747496301554416043e-01 3.002984924316406250e+02 1.028893470764160156e+00
8.910453324821514531e-01 3.083755187988281250e+02 1.029119014739990234e+00
9.076446072885357985e-01 3.166455383300781250e+02 1.029348611831665039e+00
9.245531098233570333e-01 3.251126708984375000e+02 1.029582738876342773e+00
9.417766006869519035e-01 3.337810363769531250e+02 1.029821276664733887e+00
9.593209477938242635e-01 3.426547851562500000e+02 1.030064225196838379e+00
9.771921283717998064e-01 3.517386474609375000e+02 1.030311942100524902e+00
9.953962309984234480e-01 3.610367736816406250e+02 1.030564546585083008e+00
1.013939457675291811e+00 3.705538024902343750e+02 1.030821800231933594e+00
1.032828125941028574e+00 3.802942504882812500e+02 1.031084179878234863e+00
1.052068671023622892e+00 3.902629089355468750e+02 1.031351685523986816e+00
1.071667648032863296e+00 4.004645080566406250e+02 1.031624555587768555e+00
1.091631734193614811e+00 4.109039611816406250e+02 1.031902432441711426e+00
1.111967731120699021e+00 4.215861816406250000e+02 1.032185673713684082e+00
1.132682567136153784e+00 4.325163574218750000e+02 1.032474398612976074e+00
1.153783299629660863e+00 4.436993103027343750e+02 1.032769083976745605e+00
1.175277117462945276e+00 4.551404418945312500e+02 1.033069491386413574e+00
1.197171343418965694e+00 4.668451232910156250e+02 1.033375859260559082e+00
1.219473436696737023e+00 4.788187561035156250e+02 1.033688187599182129e+00
1.242190995452616242e+00 4.910665893554687500e+02 1.034006953239440918e+00
1.265331759388941935e+00 5.035944824218750000e+02 1.034332036972045898e+00
1.288903612390891684e+00 5.164079589843750000e+02 1.034663558006286621e+00
1.312914585212463958e+00 5.295128784179687500e+02 1.035001635551452637e+00
1.337372858212495075e+00 5.429149780273437500e+02 1.035346388816833496e+00
1.362286764141645623e+00 5.566203002929687500e+02 1.035698175430297852e+00
1.387664790981307128e+00 5.706347656250000000e+02 1.036057114601135254e+00
1.413515584835394190e+00 5.849644775390625000e+02 1.036423325538635254e+00
1.439847952876006643e+00 5.996156616210937500e+02 1.036797165870666504e+00
1.466670866343967372e+00 6.145946044921875000e+02 1.037178635597229004e+00
1.493993463605256311e+00 6.299080200195312500e+02 1.037567853927612305e+00
1.521825053264385552e+00 6.455619506835937500e+02 1.037964940071105957e+00
1.550175117335768737e+00 6.615631713867187500e+02 1.038370013236999512e+00
1.579053314474174297e+00 6.779181518554687500e+02 1.038784146308898926e+00
1.608469483265355215e+00 6.946336059570312500e+02 1.039206504821777344e+00
1.638433645577983322e+00 7.117166748046875000e+02 1.039637565612792969e+00
1.668956009978023403e+00 7.291736450195312500e+02 1.040077567100524902e+00
1.700046975206716660e+00 7.470118408203125000e+02 1.040527224540710449e+00
1.731717133723352786e+00 7.652383422851562500e+02 1.040986299514770508e+00
1.763977275314043691e+00 7.838601074218750000e+02 1.041454792022705078e+00
1.796838390767719451e+00 8.028840332031250000e+02 1.041933536529541016e+00
1.830311675620611256e+00 8.223175048828125000e+02 1.042422652244567871e+00
1.864408533970485227e+00 8.421680297851562500e+02 1.042922019958496094e+00
1.899140582361933838e+00 8.624423217773437500e+02 1.043432593345642090e+00
1.934519653744044332e+00 8.831481323242187500e+02 1.043953776359558105e+00
1.970557801501798600e+00 9.042929687500000000e+02 1.044486641883850098e+00
2.007267303562568106e+00 9.258840332031250000e+02 1.045031070709228516e+00
2.044660666579115826e+00 9.479282226562500000e+02 1.045588254928588867e+00
2.082750630190514318e+00 9.704337158203125000e+02 1.046157121658325195e+00
2.121550171362450055e+00 9.934078979492187500e+02 1.046738982200622559e+00
2.161072508808377091e+00 1.016857482910156250e+03 1.047333836555480957e+00
2.201331107493030181e+00 1.040790771484375000e+03 1.047942638397216797e+00
2.242339683219845003e+00 1.065214721679687500e+03 1.048565030097961426e+00
2.284112207303823805e+00 1.090136840820312500e+03 1.049201488494873047e+00
2.326662911331458083e+00 1.115564208984375000e+03 1.049853205680847168e+00
2.370006292009327886e+00 1.141504028320312500e+03 1.050519824028015137e+00
2.414157116103017753e+00 1.167963500976562500e+03 1.051202416419982910e+00
2.459130425468043946e+00 1.194950195312500000e+03 1.051901102066040039e+00
2.504941542174502711e+00 1.222470214843750000e+03 1.052616715431213379e+00
2.551606073727183954e+00 1.250531372070312500e+03 1.053349137306213379e+00
2.599139918382932901e+00 1.279139404296875000e+03 1.054099798202514648e+00
2.647559270567066747e+00 1.308301513671875000e+03 1.054868459701538086e+00
2.696880626390692370e+00 1.338023559570312500e+03 1.055656313896179199e+00
2.747120789270811603e+00 1.368311523437500000e+03 1.056464076042175293e+00
2.798296875655115645e+00 1.399171386718750000e+03 1.057292103767395020e+00
2.850426320853434614e+00 1.430609863281250000e+03 1.058140635490417480e+00
2.903526884977814415e+00 1.462630737304687500e+03 1.059011697769165039e+00
2.957616658993253989e+00 1.495239257812500000e+03 1.059904694557189941e+00
3.012714070881164830e+00 1.528440673828125000e+03 1.060821652412414551e+00
3.068837891917642224e+00 1.562239135742187500e+03 1.061761975288391113e+00
3.126007243068700703e+00 1.596637573242187500e+03 1.062728166580200195e+00
3.184241601504649744e+00 1.631640625000000000e+03 1.063719987869262695e+00
3.243560807235807975e+00 1.667250000000000000e+03 1.064738750457763672e+00
3.303985069871854918e+00 1.703468505859375000e+03 1.065785765647888184e+00
3.365534975507091353e+00 1.740297607421875000e+03 1.066861748695373535e+00
3.428231493733967739e+00 1.777738647460937500e+03 1.067967891693115234e+00
3.492095984787267682e+00 1.815791748046875000e+03 1.069105386734008789e+00
3.557150206821382277e+00 1.854456420898437500e+03 1.070275545120239258e+00
3.623416323323146671e+00 1.893731079101562500e+03 1.071479916572570801e+00
3.690916910662774608e+00 1.933615112304687500e+03 1.072719216346740723e+00
3.759674965785463563e+00 1.974103881835937500e+03 1.073995351791381836e+00
3.829713914046277257e+00 2.015193725585937500e+03 1.075309634208679199e+00
3.901057617190989202e+00 2.056878906250000000e+03 1.076664566993713379e+00
3.973730381485604646e+00 2.099154785156250000e+03 1.078060150146484375e+00
4.047756965997318268e+00 2.142012207031250000e+03 1.079499721527099609e+00
4.123162591029748469e+00 2.185443115234375000e+03 1.080984354019165039e+00
4.199972946715301525e+00 2.229436767578125000e+03 1.082516431808471680e+00
4.278214201767612579e+00 2.273981689453125000e+03 1.084097504615783691e+00
4.357913012397025554e+00 2.319063720703125000e+03 1.085730552673339844e+00
4.439096531392167755e+00 2.364667968750000000e+03 1.087417364120483398e+00
4.521792417370698480e+00 2.410777099609375000e+03 1.089161038398742676e+00
4.606028844202398886e+00 2.457372802734375000e+03 1.090963721275329590e+00
4.691834510607795217e+00 2.504432373046875000e+03 1.092828273773193359e+00
4.779238649935595440e+00 2.551934326171875000e+03 1.094757676124572754e+00
4.868271040122279736e+00 2.599850585937500000e+03 1.096755266189575195e+00
4.958962013837211913e+00 2.648154296875000000e+03 1.098824501037597656e+00
5.051342468816761411e+00 2.696813964843750000e+03 1.100968480110168457e+00
5.145443878390924652e+00 2.745795654296875000e+03 1.103191375732421875e+00
5.241298302206057080e+00 2.795060791015625000e+03 1.105497598648071289e+00
5.338938397147350301e+00 2.844571289062500000e+03 1.107890725135803223e+00
5.438397428464796235e+00 2.894282226562500000e+03 1.110375761985778809e+00
5.539709281106400596e+00 2.944146484375000000e+03 1.112958073616027832e+00
5.642908471262537695e+00 2.994112060546875000e+03 1.115642189979553223e+00
5.748030158125351008e+00 3.044124023437500000e+03 1.118434667587280273e+00
5.855110155867238042e+00 3.094123046875000000e+03 1.121340751647949219e+00
5.964184945842459840e+00 3.144043457031250000e+03 1.124367594718933105e+00
6.075291689016071750e+00 3.193817871093750000e+03 1.127521991729736328e+00
6.188468238624383666e+00 3.243368652343750000e+03 1.130811572074890137e+00
6.303753153071275150e+00 3.292619628906250000e+03 1.134244799613952637e+00
6.421185709064758385e+00 3.341483642578125000e+03 1.137829780578613281e+00
6.540805914998252923e+00 3.389868896484375000e+03 1.141576647758483887e+00
6.662654524581150817e+00 3.437677734375000000e+03 1.145495414733886719e+00
6.786773050723295952e+00 3.484804443359375000e+03 1.149597644805908203e+00
6.913203779678127603e+00 3.531137939453125000e+03 1.153895020484924316e+00
7.041989785449288775e+00 3.576558837890625000e+03 1.158400893211364746e+00
7.173174944465612768e+00 3.620941894531250000e+03 1.163129448890686035e+00
7.306803950529500824e+00 3.664150634765625000e+03 1.168096065521240234e+00
7.442922330043758805e+00 3.706041259765625000e+03 1.173318862915039062e+00
7.581576457522110069e+00 3.746463623046875000e+03 1.178815007209777832e+00
7.722813571388642551e+00 3.785253906250000000e+03 1.184605717658996582e+00
7.866681790071582192e+00 3.822243896484375000e+03 1.190713167190551758e+00
8.013230128396878982e+00 3.857251220703125000e+03 1.197161793708801270e+00
8.162508514287219796e+00 3.890086181640625000e+03 1.203979134559631348e+00
8.314567805772055564e+00 3.920547607421875000e+03 1.211194515228271484e+00
8.469459808314578453e+00 3.948423339843750000e+03 1.218841433525085449e+00
8.627237292461440887e+00 3.973490478515625000e+03 1.226956367492675781e+00
8.787954011821312861e+00 3.995515380859375000e+03 1.235580086708068848e+00
8.951664721378294942e+00 4.014254394531250000e+03 1.244758009910583496e+00
9.118425196146562328e+00 4.029449707031250000e+03 1.254540920257568359e+00
9.288292250172489162e+00 4.040832519531250000e+03 1.264985680580139160e+00
9.461323755890761689e+00 4.048125732421875000e+03 1.276156306266784668e+00
9.637578663841081195e+00 4.051038818359375000e+03 1.288124561309814453e+00
9.817117022752183786e+00 4.049268066406250000e+03 1.300972938537597656e+00
1.000000000000000000e+01 4.042503173828125000e+03 1.314793586730957031e+00
