# Provided by Miguel Escudero, Greg Jackson, Stefan Sandner and Mikko Laine, to appear
# columns:
# m_e/T_ga,   fa1,   fa2,   fa3,   fa4,   fs1,   fs2,   fs3,   fs4,   fn1,   fn2,   fn3,   fn4
 0.0000e+00   +8.8411e-01   -0.0000e+00   +3.1837e-02   +0.0000e+00   +8.2874e-01   -0.0000e+00   +0.0000e+00   +0.0000e+00   +8.5227e-01   -0.0000e+00   +4.1088e-02   +0.0000e+00
 1.0000e-01   +8.8358e-01   +1.1518e-03   +3.1942e-02   -2.3151e-04   +8.2757e-01   -5.0208e-04   +0.0000e+00   +0.0000e+00   +8.5163e-01   +1.3833e-03   +4.1222e-02   -2.9850e-04
 2.0000e-01   +8.8199e-01   +4.5959e-03   +3.2261e-02   -9.1907e-04   +8.2406e-01   -1.9883e-03   +0.0000e+00   +0.0000e+00   +8.4972e-01   +5.5151e-03   +4.1637e-02   -1.1806e-03
 3.0000e-01   +8.7933e-01   +1.0298e-02   +3.2793e-02   -2.0401e-03   +8.1827e-01   -4.4013e-03   +0.0000e+00   +0.0000e+00   +8.4656e-01   +1.2339e-02   +4.2356e-02   -2.6042e-03
 4.0000e-01   +8.7561e-01   +1.8196e-02   +3.3548e-02   -3.5580e-03   +8.1026e-01   -7.6534e-03   +0.0000e+00   +0.0000e+00   +8.4203e-01   +2.1754e-02   +4.3291e-02   -4.4946e-03
 5.0000e-01   +8.7077e-01   +2.8200e-02   +3.4496e-02   -5.4122e-03   +8.0012e-01   -1.1634e-02   +0.0000e+00   +0.0000e+00   +8.3628e-01   +3.3613e-02   +4.4590e-02   -6.7426e-03
 6.0000e-01   +8.6489e-01   +4.0188e-02   +3.5712e-02   -7.5264e-03   +7.8797e-01   -1.6217e-02   +0.0000e+00   +0.0000e+00   +8.2917e-01   +4.7715e-02   +4.6154e-02   -9.2109e-03
 7.0000e-01   +8.5788e-01   +5.4004e-02   +3.7149e-02   -9.8052e-03   +7.7396e-01   -2.1268e-02   +0.0000e+00   +0.0000e+00   +8.2073e-01   +6.3808e-02   +4.8022e-02   -1.1738e-02
 8.0000e-01   +8.4974e-01   +6.9456e-02   +3.8811e-02   -1.2140e-02   +7.5822e-01   -2.6650e-02   +0.0000e+00   +0.0000e+00   +8.1093e-01   +8.1595e-02   +5.0183e-02   -1.4143e-02
 9.0000e-01   +8.4045e-01   +8.6322e-02   +4.0697e-02   -1.4408e-02   +7.4093e-01   -3.2232e-02   +0.0000e+00   +0.0000e+00   +7.9977e-01   +1.0073e-01   +5.2645e-02   -1.6256e-02
 1.0000e+00   +8.3003e-01   +1.0435e-01   +4.2846e-02   -1.6486e-02   +7.2225e-01   -3.7886e-02   +0.0000e+00   +0.0000e+00   +7.8719e-01   +1.2083e-01   +5.5330e-02   -1.7907e-02
 1.1000e+00   +8.1844e-01   +1.2325e-01   +4.5199e-02   -1.8254e-02   +7.0236e-01   -4.3497e-02   +0.0000e+00   +0.0000e+00   +7.7324e-01   +1.4151e-01   +5.8266e-02   -1.8953e-02
 1.2000e+00   +8.0567e-01   +1.4274e-01   +4.7756e-02   -1.9599e-02   +6.8143e-01   -4.8963e-02   +0.0000e+00   +0.0000e+00   +7.5803e-01   +1.6234e-01   +6.1509e-02   -1.9280e-02
 1.3000e+00   +7.9175e-01   +1.6249e-01   +5.0509e-02   -2.0433e-02   +6.5965e-01   -5.4192e-02   +0.0000e+00   +0.0000e+00   +7.4124e-01   +1.8292e-01   +6.4655e-02   -1.8811e-02
 1.4000e+00   +7.7664e-01   +1.8222e-01   +5.3387e-02   -2.0640e-02   +6.3718e-01   -5.9112e-02   +0.0000e+00   +0.0000e+00   +7.2326e-01   +2.0286e-01   +6.7988e-02   -1.7508e-02
 1.5000e+00   +7.6041e-01   +2.0158e-01   +5.6393e-02   -2.0207e-02   +6.1420e-01   -6.3659e-02   +0.0000e+00   +0.0000e+00   +7.0402e-01   +2.2179e-01   +7.1319e-02   -1.5367e-02
 1.6000e+00   +7.4307e-01   +2.2029e-01   +5.9468e-02   -1.9093e-02   +5.9085e-01   -6.7788e-02   +0.0000e+00   +0.0000e+00   +6.8398e-01   +2.3939e-01   +7.4967e-02   -1.2437e-02
 1.7000e+00   +7.2467e-01   +2.3805e-01   +6.2582e-02   -1.7292e-02   +5.6729e-01   -7.1466e-02   +0.0000e+00   +0.0000e+00   +6.6211e-01   +2.5535e-01   +7.7724e-02   -8.8005e-03
 1.8000e+00   +7.0526e-01   +2.5463e-01   +6.5626e-02   -1.4834e-02   +5.4367e-01   -7.4669e-02   +0.0000e+00   +0.0000e+00   +6.3962e-01   +2.6946e-01   +8.0633e-02   -4.5336e-03
 1.9000e+00   +6.8491e-01   +2.6978e-01   +6.8609e-02   -1.1763e-02   +5.2010e-01   -7.7388e-02   +0.0000e+00   +0.0000e+00   +6.1630e-01   +2.8155e-01   +8.3283e-02   +2.3197e-04
 2.0000e+00   +6.6370e-01   +2.8334e-01   +7.1451e-02   -8.1379e-03   +4.9670e-01   -7.9621e-02   +0.0000e+00   +0.0000e+00   +5.9224e-01   +2.9148e-01   +8.5587e-02   +5.3631e-03
 2.1000e+00   +6.4172e-01   +2.9514e-01   +7.4100e-02   -4.0510e-03   +4.7357e-01   -8.1375e-02   +0.0000e+00   +0.0000e+00   +5.6763e-01   +2.9916e-01   +8.7533e-02   +1.0695e-02
 2.2000e+00   +6.1920e-01   +3.0507e-01   +7.6635e-02   +4.0629e-04   +4.5082e-01   -8.2663e-02   +0.0000e+00   +0.0000e+00   +5.4256e-01   +3.0466e-01   +8.9029e-02   +1.6180e-02
 2.3000e+00   +5.9587e-01   +3.1306e-01   +7.8647e-02   +5.1330e-03   +4.2852e-01   -8.3505e-02   +0.0000e+00   +0.0000e+00   +5.1721e-01   +3.0794e-01   +9.0086e-02   +2.1607e-02
 2.4000e+00   +5.7224e-01   +3.1908e-01   +8.0482e-02   +1.0027e-02   +4.0673e-01   -8.3923e-02   +0.0000e+00   +0.0000e+00   +4.9176e-01   +3.0905e-01   +9.0696e-02   +2.6855e-02
 2.5000e+00   +5.4826e-01   +3.2313e-01   +8.1954e-02   +1.4977e-02   +3.8552e-01   -8.3947e-02   +0.0000e+00   +0.0000e+00   +4.6721e-01   +3.0814e-01   +9.1732e-02   +3.1833e-02
 2.6000e+00   +5.2409e-01   +3.2525e-01   +8.3072e-02   +1.9884e-02   +3.6494e-01   -8.3603e-02   +0.0000e+00   +0.0000e+00   +4.4103e-01   +3.0536e-01   +9.0501e-02   +3.6484e-02
 2.7000e+00   +4.9981e-01   +3.2551e-01   +8.3788e-02   +2.4681e-02   +3.4502e-01   -8.2924e-02   +0.0000e+00   +0.0000e+00   +4.1603e-01   +3.0083e-01   +8.9716e-02   +4.0698e-02
 2.8000e+00   +4.7558e-01   +3.2399e-01   +8.4133e-02   +2.9242e-02   +3.2580e-01   -8.1942e-02   +0.0000e+00   +0.0000e+00   +3.9145e-01   +2.9474e-01   +8.8507e-02   +4.4424e-02
 2.9000e+00   +4.5148e-01   +3.2084e-01   +8.4078e-02   +3.3562e-02   +3.0729e-01   -8.0687e-02   +0.0000e+00   +0.0000e+00   +3.6740e-01   +2.8728e-01   +8.6902e-02   +4.7631e-02
 3.0000e+00   +4.2766e-01   +3.1609e-01   +8.3680e-02   +3.7470e-02   +2.8952e-01   -7.9191e-02   +0.0000e+00   +0.0000e+00   +3.4397e-01   +2.7863e-01   +8.4929e-02   +5.0308e-02
 3.1000e+00   +4.0422e-01   +3.0989e-01   +8.2951e-02   +4.0920e-02   +2.7248e-01   -7.7485e-02   +0.0000e+00   +0.0000e+00   +3.2123e-01   +2.6905e-01   +8.2598e-02   +5.2497e-02
 3.2000e+00   +3.8113e-01   +3.0265e-01   +8.1775e-02   +4.4148e-02   +2.5619e-01   -7.5599e-02   +0.0000e+00   +0.0000e+00   +2.9937e-01   +2.5852e-01   +8.0081e-02   +5.4007e-02
 3.3000e+00   +3.5862e-01   +2.9422e-01   +8.0324e-02   +4.6828e-02   +2.4064e-01   -7.3560e-02   +0.0000e+00   +0.0000e+00   +2.7828e-01   +2.4739e-01   +7.7238e-02   +5.5035e-02
 3.4000e+00   +3.3671e-01   +2.8486e-01   +7.8582e-02   +4.9039e-02   +2.2582e-01   -7.1395e-02   +0.0000e+00   +0.0000e+00   +2.5813e-01   +2.3582e-01   +7.4234e-02   +5.5586e-02
 3.5000e+00   +3.1547e-01   +2.7473e-01   +7.6575e-02   +5.0795e-02   +2.1173e-01   -6.9128e-02   +0.0000e+00   +0.0000e+00   +2.3890e-01   +2.2393e-01   +7.1063e-02   +5.5673e-02
 3.6000e+00   +2.9496e-01   +2.6397e-01   +7.4338e-02   +5.2098e-02   +1.9835e-01   -6.6784e-02   +0.0000e+00   +0.0000e+00   +2.2063e-01   +2.1187e-01   +6.7782e-02   +5.5334e-02
 3.7000e+00   +2.7522e-01   +2.5273e-01   +7.1899e-02   +5.2960e-02   +1.8566e-01   -6.4382e-02   +0.0000e+00   +0.0000e+00   +2.0332e-01   +1.9977e-01   +6.4409e-02   +5.4612e-02
 3.8000e+00   +2.5629e-01   +2.4115e-01   +6.9293e-02   +5.3409e-02   +1.7365e-01   -6.1942e-02   +0.0000e+00   +0.0000e+00   +1.8700e-01   +1.8774e-01   +6.1001e-02   +5.3554e-02
 3.9000e+00   +2.3819e-01   +2.2934e-01   +6.6551e-02   +5.3467e-02   +1.6229e-01   -5.9481e-02   +0.0000e+00   +0.0000e+00   +1.7164e-01   +1.7588e-01   +5.7583e-02   +5.2202e-02
 4.0000e+00   +2.2094e-01   +2.1743e-01   +6.3703e-02   +5.3166e-02   +1.5157e-01   -5.7016e-02   +0.0000e+00   +0.0000e+00   +1.5726e-01   +1.6426e-01   +5.4207e-02   +5.0601e-02
 4.1000e+00   +2.0456e-01   +2.0552e-01   +6.0784e-02   +5.2538e-02   +1.4145e-01   -5.4560e-02   +0.0000e+00   +0.0000e+00   +1.4378e-01   +1.5298e-01   +5.0832e-02   +4.8799e-02
 4.2000e+00   +1.8905e-01   +1.9370e-01   +5.7820e-02   +5.1619e-02   +1.3192e-01   -5.2124e-02   +0.0000e+00   +0.0000e+00   +1.3123e-01   +1.4208e-01   +4.7547e-02   +4.6830e-02
 4.3000e+00   +1.7440e-01   +1.8205e-01   +5.4839e-02   +5.0446e-02   +1.2296e-01   -4.9721e-02   +0.0000e+00   +0.0000e+00   +1.1956e-01   +1.3160e-01   +4.4353e-02   +4.4733e-02
 4.4000e+00   +1.6059e-01   +1.7064e-01   +5.1852e-02   +4.9052e-02   +1.1453e-01   -4.7359e-02   +0.0000e+00   +0.0000e+00   +1.0874e-01   +1.2159e-01   +4.1256e-02   +4.2559e-02
 4.5000e+00   +1.4763e-01   +1.5954e-01   +4.8897e-02   +4.7473e-02   +1.0662e-01   -4.5047e-02   +0.0000e+00   +0.0000e+00   +9.8737e-02   +1.1207e-01   +3.8277e-02   +4.0323e-02
 4.6000e+00   +1.3549e-01   +1.4879e-01   +4.5984e-02   +4.5743e-02   +9.9192e-02   -4.2790e-02   +0.0000e+00   +0.0000e+00   +8.9505e-02   +1.0305e-01   +3.5424e-02   +3.8060e-02
 4.7000e+00   +1.2414e-01   +1.3844e-01   +4.3136e-02   +4.3893e-02   +9.2234e-02   -4.0594e-02   +0.0000e+00   +0.0000e+00   +8.1009e-02   +9.4543e-02   +3.2706e-02   +3.5795e-02
 4.8000e+00   +1.1356e-01   +1.2850e-01   +4.0357e-02   +4.1952e-02   +8.5718e-02   -3.8464e-02   +0.0000e+00   +0.0000e+00   +7.3204e-02   +8.6553e-02   +3.0124e-02   +3.3552e-02
 4.9000e+00   +1.0372e-01   +1.1902e-01   +3.7669e-02   +3.9947e-02   +7.9621e-02   -3.6404e-02   +0.0000e+00   +0.0000e+00   +6.6091e-02   +7.9072e-02   +2.7723e-02   +3.1346e-02
 5.0000e+00   +9.4589e-02   +1.1000e-01   +3.5076e-02   +3.7907e-02   +7.3921e-02   -3.4415e-02   +0.0000e+00   +0.0000e+00   +5.9513e-02   +7.2094e-02   +2.5389e-02   +2.9197e-02
 5.1000e+00   +8.6132e-02   +1.0145e-01   +3.2587e-02   +3.5850e-02   +6.8596e-02   -3.2501e-02   +0.0000e+00   +0.0000e+00   +5.3546e-02   +6.5605e-02   +2.3234e-02   +2.7116e-02
 5.2000e+00   +7.8459e-02   +9.3384e-02   +3.0350e-02   +3.3796e-02   +6.3624e-02   -3.0662e-02   +0.0000e+00   +0.0000e+00   +4.8108e-02   +5.9588e-02   +2.1219e-02   +2.5113e-02
 5.3000e+00   +7.1111e-02   +8.5790e-02   +2.7945e-02   +3.1764e-02   +5.8986e-02   -2.8898e-02   +0.0000e+00   +0.0000e+00   +4.3270e-02   +5.4027e-02   +1.9446e-02   +2.3197e-02
 5.4000e+00   +6.4476e-02   +7.8669e-02   +2.5796e-02   +2.9770e-02   +5.4663e-02   -2.7210e-02   +0.0000e+00   +0.0000e+00   +3.8680e-02   +4.8899e-02   +1.7597e-02   +2.1372e-02
 5.5000e+00   +5.8387e-02   +7.2002e-02   +2.3771e-02   +2.7818e-02   +5.0635e-02   -2.5598e-02   +0.0000e+00   +0.0000e+00   +3.4616e-02   +4.4184e-02   +1.5980e-02   +1.9644e-02
 5.6000e+00   +5.2796e-02   +6.5790e-02   +2.1855e-02   +2.5931e-02   +4.6884e-02   -2.4060e-02   +0.0000e+00   +0.0000e+00   +3.0941e-02   +3.9859e-02   +1.4487e-02   +1.8013e-02
 5.7000e+00   +4.7682e-02   +6.0010e-02   +2.0060e-02   +2.4109e-02   +4.3394e-02   -2.2596e-02   +0.0000e+00   +0.0000e+00   +2.7622e-02   +3.5901e-02   +1.3111e-02   +1.6481e-02
 5.8000e+00   +4.3007e-02   +5.4648e-02   +1.8376e-02   +2.2361e-02   +4.0148e-02   -2.1204e-02   +0.0000e+00   +0.0000e+00   +2.4631e-02   +3.2288e-02   +1.1846e-02   +1.5048e-02
 5.9000e+00   +3.8744e-02   +4.9685e-02   +1.6806e-02   +2.0690e-02   +3.7131e-02   -1.9882e-02   +0.0000e+00   +0.0000e+00   +2.1938e-02   +2.8995e-02   +1.0686e-02   +1.3711e-02
 6.0000e+00   +3.4861e-02   +4.5104e-02   +1.5344e-02   +1.9103e-02   +3.4329e-02   -1.8628e-02   +0.0000e+00   +0.0000e+00   +1.9518e-02   +2.6001e-02   +9.6253e-03   +1.2468e-02
 6.1000e+00   +3.1331e-02   +4.0883e-02   +1.3986e-02   +1.7599e-02   +3.1726e-02   -1.7441e-02   +0.0000e+00   +0.0000e+00   +1.7345e-02   +2.3284e-02   +8.6567e-03   +1.1316e-02
 6.2000e+00   +2.8125e-02   +3.7004e-02   +1.2727e-02   +1.6180e-02   +2.9311e-02   -1.6318e-02   +0.0000e+00   +0.0000e+00   +1.5398e-02   +2.0825e-02   +7.7737e-03   +1.0253e-02
 6.3000e+00   +2.5220e-02   +3.3445e-02   +1.1564e-02   +1.4846e-02   +2.7071e-02   -1.5258e-02   +0.0000e+00   +0.0000e+00   +1.3656e-02   +1.8599e-02   +6.9719e-03   +9.2717e-03
 6.4000e+00   +2.2589e-02   +3.0186e-02   +1.0491e-02   +1.3595e-02   +2.4994e-02   -1.4257e-02   +0.0000e+00   +0.0000e+00   +1.2099e-02   +1.6591e-02   +6.2448e-03   +8.3710e-03
 6.5000e+00   +2.0211e-02   +2.7209e-02   +9.5033e-03   +1.2427e-02   +2.3069e-02   -1.3313e-02   +0.0000e+00   +0.0000e+00   +1.0708e-02   +1.4782e-02   +5.5846e-03   +7.5454e-03
 6.6000e+00   +1.8065e-02   +2.4493e-02   +8.5968e-03   +1.1339e-02   +2.1286e-02   -1.2424e-02   +0.0000e+00   +0.0000e+00   +9.4680e-03   +1.3154e-02   +4.9884e-03   +6.7905e-03
 6.7000e+00   +1.6130e-02   +2.2021e-02   +7.7657e-03   +1.0328e-02   +1.9634e-02   -1.1588e-02   +0.0000e+00   +0.0000e+00   +8.3638e-03   +1.1693e-02   +4.4503e-03   +6.1019e-03
 6.8000e+00   +1.4387e-02   +1.9773e-02   +7.0054e-03   +9.3916e-03   +1.8106e-02   -1.0802e-02   +0.0000e+00   +0.0000e+00   +7.3817e-03   +1.0382e-02   +3.9656e-03   +5.4749e-03
 6.9000e+00   +1.2821e-02   +1.7734e-02   +6.3115e-03   +8.5265e-03   +1.6692e-02   -1.0063e-02   +0.0000e+00   +0.0000e+00   +6.5090e-03   +9.2076e-03   +3.5294e-03   +4.9055e-03
 7.0000e+00   +1.1413e-02   +1.5886e-02   +5.6787e-03   +7.7286e-03   +1.5384e-02   -9.3704e-03   +0.0000e+00   +0.0000e+00   +5.7345e-03   +8.1577e-03   +3.1376e-03   +4.3891e-03
 7.1000e+00   +1.0151e-02   +1.4215e-02   +5.1035e-03   +6.9950e-03   +1.4175e-02   -8.7207e-03   +0.0000e+00   +0.0000e+00   +5.0473e-03   +7.2200e-03   +2.7857e-03   +3.9218e-03
 7.2000e+00   +9.0207e-03   +1.2705e-02   +4.5812e-03   +6.3215e-03   +1.3057e-02   -8.1120e-03   +0.0000e+00   +0.0000e+00   +4.4395e-03   +6.3839e-03   +2.4714e-03   +3.4999e-03
 7.3000e+00   +8.0079e-03   +1.1344e-02   +4.1065e-03   +5.7049e-03   +1.2025e-02   -7.5421e-03   +0.0000e+00   +0.0000e+00   +3.9014e-03   +5.6389e-03   +2.1900e-03   +3.1193e-03
 7.4000e+00   +7.1030e-03   +1.0117e-02   +3.6772e-03   +5.1413e-03   +1.1071e-02   -7.0090e-03   +0.0000e+00   +0.0000e+00   +3.4258e-03   +4.9761e-03   +1.9385e-03   +2.7768e-03
 7.5000e+00   +6.2938e-03   +9.0143e-03   +3.2880e-03   +4.6271e-03   +1.0191e-02   -6.5105e-03   +0.0000e+00   +0.0000e+00   +3.0058e-03   +4.3871e-03   +1.7143e-03   +2.4689e-03
 7.6000e+00   +5.5740e-03   +8.0233e-03   +2.9387e-03   +4.1590e-03   +9.3778e-03   -6.0448e-03   +0.0000e+00   +0.0000e+00   +2.6353e-03   +3.8644e-03   +1.5145e-03   +2.1926e-03
 7.7000e+00   +4.9315e-03   +7.1343e-03   +2.6229e-03   +3.7334e-03   +8.6280e-03   -5.6100e-03   +0.0000e+00   +0.0000e+00   +2.3088e-03   +3.4006e-03   +1.3369e-03   +1.9448e-03
 7.8000e+00   +4.3596e-03   +6.3378e-03   +2.3385e-03   +3.3473e-03   +7.9363e-03   -5.2043e-03   +0.0000e+00   +0.0000e+00   +2.0210e-03   +2.9905e-03   +1.1786e-03   +1.7237e-03
 7.9000e+00   +3.8509e-03   +5.6249e-03   +2.0829e-03   +2.9975e-03   +7.2984e-03   -4.8260e-03   +0.0000e+00   +0.0000e+00   +1.7680e-03   +2.6273e-03   +1.0384e-03   +1.5258e-03
 8.0000e+00   +3.3989e-03   +4.9875e-03   +1.8534e-03   +2.6811e-03   +6.7104e-03   -4.4734e-03   +0.0000e+00   +0.0000e+00   +1.5456e-03   +2.3064e-03   +9.1402e-04   +1.3493e-03
 8.1000e+00   +2.9976e-03   +4.4185e-03   +1.6474e-03   +2.3955e-03   +6.1685e-03   -4.1449e-03   +0.0000e+00   +0.0000e+00   +1.3502e-03   +2.0230e-03   +8.0384e-04   +1.1920e-03
 8.2000e+00   +2.6417e-03   +3.9110e-03   +1.4631e-03   +2.1379e-03   +5.6691e-03   -3.8391e-03   +0.0000e+00   +0.0000e+00   +1.1787e-03   +1.7731e-03   +7.0634e-04   +1.0520e-03
 8.3000e+00   +2.3264e-03   +3.4588e-03   +1.2981e-03   +1.9059e-03   +5.2092e-03   -3.5546e-03   +0.0000e+00   +0.0000e+00   +1.0283e-03   +1.5529e-03   +6.2013e-04   +9.2762e-04
 8.4000e+00   +2.0472e-03   +3.0563e-03   +1.1507e-03   +1.6973e-03   +4.7856e-03   -3.2900e-03   +0.0000e+00   +0.0000e+00   +8.9652e-04   +1.3590e-03   +5.4407e-04   +8.1714e-04
 8.5000e+00   +1.8003e-03   +2.6984e-03   +1.0192e-03   +1.5100e-03   +4.3956e-03   -3.0440e-03   +0.0000e+00   +0.0000e+00   +7.8113e-04   +1.1884e-03   +4.7693e-04   +7.1919e-04
 8.6000e+00   +1.5820e-03   +2.3805e-03   +9.0184e-04   +1.3420e-03   +4.0366e-03   -2.8155e-03   +0.0000e+00   +0.0000e+00   +6.8017e-04   +1.0385e-03   +4.1776e-04   +6.3241e-04
 8.7000e+00   +1.3893e-03   +2.0985e-03   +7.9738e-04   +1.1916e-03   +3.7063e-03   -2.6032e-03   +0.0000e+00   +0.0000e+00   +5.9179e-04   +9.0687e-04   +3.6554e-04   +5.5564e-04
 8.8000e+00   +1.2191e-03   +1.8484e-03   +7.0436e-04   +1.0570e-03   +3.4024e-03   -2.4062e-03   +0.0000e+00   +0.0000e+00   +5.1479e-04   +7.9137e-04   +3.1983e-04   +4.8777e-04
 8.9000e+00   +1.0692e-03   +1.6269e-03   +6.2176e-04   +9.3679e-04   +3.1228e-03   -2.2234e-03   +0.0000e+00   +0.0000e+00   +4.4742e-04   +6.9013e-04   +2.7950e-04   +4.2785e-04
 9.0000e+00   +9.3707e-04   +1.4309e-03   +5.4840e-04   +8.2946e-04   +2.8658e-03   -2.0539e-03   +0.0000e+00   +0.0000e+00   +3.8890e-04   +6.0098e-04   +2.4435e-04   +3.7452e-04
 9.1000e+00   +8.2075e-04   +1.2576e-03   +4.8331e-04   +7.3378e-04   +2.6294e-03   -1.8967e-03   +0.0000e+00   +0.0000e+00   +3.3744e-04   +5.2382e-04   +2.1306e-04   +3.2841e-04
 9.2000e+00   +7.1842e-04   +1.1045e-03   +4.2562e-04   +6.4858e-04   +2.4121e-03   -1.7511e-03   +0.0000e+00   +0.0000e+00   +2.9280e-04   +4.5592e-04   +1.8583e-04   +2.8739e-04
 9.3000e+00   +6.2846e-04   +9.6937e-04   +3.7454e-04   +5.7279e-04   +2.2125e-03   -1.6161e-03   +0.0000e+00   +0.0000e+00   +2.5392e-04   +3.9658e-04   +1.6198e-04   +2.5131e-04
 9.4000e+00   +5.4954e-04   +8.5020e-04   +3.2945e-04   +5.0544e-04   +2.0290e-03   -1.4912e-03   +0.0000e+00   +0.0000e+00   +2.2009e-04   +3.4476e-04   +1.4109e-04   +2.1961e-04
 9.5000e+00   +4.8007e-04   +7.4518e-04   +2.8940e-04   +4.4565e-04   +1.8605e-03   -1.3755e-03   +0.0000e+00   +0.0000e+00   +1.9067e-04   +2.9953e-04   +1.2282e-04   +1.9176e-04
 9.6000e+00   +4.1921e-04   +6.5270e-04   +2.5411e-04   +3.9262e-04   +1.7057e-03   -1.2685e-03   +0.0000e+00   +0.0000e+00   +1.6510e-04   +2.6008e-04   +1.0685e-04   +1.6733e-04
 9.7000e+00   +3.6586e-04   +5.7133e-04   +2.2298e-04   +3.4563e-04   +1.5635e-03   -1.1695e-03   +0.0000e+00   +0.0000e+00   +1.4288e-04   +2.2570e-04   +9.2904e-05   +1.4591e-04
 9.8000e+00   +3.1912e-04   +4.9980e-04   +1.9553e-04   +3.0405e-04   +1.4330e-03   -1.0779e-03   +0.0000e+00   +0.0000e+00   +1.2358e-04   +1.9576e-04   +8.0722e-05   +1.2716e-04
 9.9000e+00   +2.7819e-04   +4.3696e-04   +1.7133e-04   +2.6727e-04   +1.3132e-03   -9.9331e-04   +0.0000e+00   +0.0000e+00   +1.0685e-04   +1.6969e-04   +7.0104e-05   +1.1073e-04
 1.0000e+01   +2.4239e-04   +3.8177e-04   +1.5005e-04   +2.3476e-04   +1.2032e-03   -9.1511e-04   +0.0000e+00   +0.0000e+00   +9.2336e-05   +1.4699e-04   +6.0845e-05   +9.6350e-05
 1.0100e+01   +2.1108e-04   +3.3336e-04   +1.3132e-04   +2.0606e-04   +1.1023e-03   -8.4286e-04   +0.0000e+00   +0.0000e+00   +7.9764e-05   +1.2729e-04   +5.2788e-05   +8.3804e-05
 1.0200e+01   +1.8371e-04   +2.9092e-04   +1.1485e-04   +1.8074e-04   +1.0097e-03   -7.7614e-04   +0.0000e+00   +0.0000e+00   +6.8858e-05   +1.1018e-04   +4.5759e-05   +7.2858e-05
 1.0300e+01   +1.5982e-04   +2.5373e-04   +1.0039e-04   +1.5843e-04   +9.2481e-04   -7.1454e-04   +0.0000e+00   +0.0000e+00   +5.9422e-05   +9.5305e-05   +3.9650e-05   +6.3293e-05
 1.0400e+01   +1.3892e-04   +2.2125e-04   +8.7668e-05   +1.3884e-04   +8.4691e-04   -6.5768e-04   +0.0000e+00   +0.0000e+00   +5.1255e-05   +8.2401e-05   +3.4338e-05   +5.4951e-05
 1.0500e+01   +1.2076e-04   +1.9269e-04   +7.6568e-05   +1.2148e-04   +7.7548e-04   -6.0522e-04   +0.0000e+00   +0.0000e+00   +4.4192e-05   +7.1209e-05   +2.9723e-05   +4.7681e-05
 1.0600e+01   +1.0489e-04   +1.6779e-04   +6.6808e-05   +1.0628e-04   +7.0998e-04   -5.5682e-04   +0.0000e+00   +0.0000e+00   +3.8085e-05   +6.1508e-05   +2.5715e-05   +4.1350e-05
 1.0700e+01   +9.1067e-05   +1.4602e-04   +5.8259e-05   +9.2916e-05   +6.4993e-04   -5.1219e-04   +0.0000e+00   +0.0000e+00   +3.2808e-05   +5.3103e-05   +2.2236e-05   +3.5840e-05
 1.0800e+01   +7.9028e-05   +1.2701e-04   +5.0777e-05   +8.1182e-05   +5.9489e-04   -4.7103e-04   +0.0000e+00   +0.0000e+00   +2.8250e-05   +4.5825e-05   +1.9218e-05   +3.1047e-05
 1.0900e+01   +6.8546e-05   +1.1042e-04   +4.4230e-05   +7.0891e-05   +5.4444e-04   -4.3310e-04   +0.0000e+00   +0.0000e+00   +2.4313e-05   +3.9527e-05   +1.6599e-05   +2.6881e-05
 1.1000e+01   +5.9427e-05   +9.5945e-05   +3.8506e-05   +6.1866e-05   +4.9822e-04   -3.9815e-04   +0.0000e+00   +0.0000e+00   +2.0921e-05   +3.4079e-05   +1.4335e-05   +2.3262e-05
 1.1100e+01   +5.1499e-05   +8.3327e-05   +3.3506e-05   +5.3958e-05   +4.5586e-04   -3.6594e-04   +0.0000e+00   +0.0000e+00   +1.7993e-05   +2.9369e-05   +1.2372e-05   +2.0119e-05
 1.1200e+01   +4.4608e-05   +7.2334e-05   +2.9139e-05   +4.7035e-05   +4.1706e-04   -3.3628e-04   +0.0000e+00   +0.0000e+00   +1.5468e-05   +2.5299e-05   +1.0673e-05   +1.7393e-05
 1.1300e+01   +3.8622e-05   +6.2760e-05   +2.5329e-05   +4.0976e-05   +3.8152e-04   -3.0897e-04   +0.0000e+00   +0.0000e+00   +1.3293e-05   +2.1784e-05   +9.2030e-06   +1.5029e-05
 1.1400e+01   +3.3425e-05   +5.4428e-05   +2.2006e-05   +3.5679e-05   +3.4897e-04   -2.8382e-04   +0.0000e+00   +0.0000e+00   +1.1419e-05   +1.8749e-05   +7.9321e-06   +1.2979e-05
 1.1500e+01   +2.8915e-05   +4.7179e-05   +1.9109e-05   +3.1049e-05   +3.1916e-04   -2.6067e-04   +0.0000e+00   +0.0000e+00   +9.8057e-06   +1.6130e-05   +6.8337e-06   +1.1204e-05
 1.1600e+01   +2.5003e-05   +4.0878e-05   +1.6586e-05   +2.7006e-05   +2.9187e-04   -2.3938e-04   +0.0000e+00   +0.0000e+00   +8.4169e-06   +1.3872e-05   +5.8846e-06   +9.6677e-06
 1.1700e+01   +2.1611e-05   +3.5401e-05   +1.4389e-05   +2.3476e-05   +2.6688e-04   -2.1978e-04   +0.0000e+00   +0.0000e+00   +7.2226e-06   +1.1925e-05   +5.0656e-06   +8.3373e-06
 1.1800e+01   +1.8672e-05   +3.0646e-05   +1.2476e-05   +2.0398e-05   +2.4401e-04   -2.0175e-04   +0.0000e+00   +0.0000e+00   +6.1985e-06   +1.0241e-05   +4.3618e-06   +7.1807e-06
 1.1900e+01   +1.6126e-05   +2.6517e-05   +1.0814e-05   +1.7715e-05   +2.2308e-04   -1.8518e-04   +0.0000e+00   +0.0000e+00   +5.3123e-06   +8.8021e-06   +3.7487e-06   +6.1929e-06
 1.2000e+01   +1.3921e-05   +2.2934e-05   +9.3679e-06   +1.5376e-05   +2.0392e-04   -1.6993e-04   +0.0000e+00   +0.0000e+00   +4.5535e-06   +7.5579e-06   +3.2229e-06   +5.3339e-06
 1.2100e+01   +1.2014e-05   +1.9827e-05   +8.1119e-06   +1.3340e-05   +1.8639e-04   -1.5592e-04   +0.0000e+00   +0.0000e+00   +3.9018e-06   +6.4871e-06   +2.7698e-06   +4.5920e-06
 1.2200e+01   +1.0363e-05   +1.7134e-05   +7.0212e-06   +1.1568e-05   +1.7035e-04   -1.4304e-04   +0.0000e+00   +0.0000e+00   +3.3422e-06   +5.5660e-06   +2.3794e-06   +3.9517e-06
 1.2300e+01   +8.9392e-06   +1.4795e-05   +6.0773e-06   +1.0021e-05   +1.5567e-04   -1.3121e-04   +0.0000e+00   +0.0000e+00   +2.8620e-06   +4.7740e-06   +2.0433e-06   +3.3993e-06
 1.2400e+01   +7.7030e-06   +1.2780e-05   +5.2531e-06   +8.6869e-06   +1.4225e-04   -1.2033e-04   +0.0000e+00   +0.0000e+00   +2.4499e-06   +4.0932e-06   +1.7540e-06   +2.9229e-06
 1.2500e+01   +6.6373e-06   +1.1031e-05   +4.5408e-06   +7.5226e-06   +1.2997e-04   -1.1034e-04   +0.0000e+00   +0.0000e+00   +2.0965e-06   +3.5082e-06   +1.5052e-06   +2.5123e-06
 1.2600e+01   +5.7170e-06   +9.5171e-06   +3.9236e-06   +6.5112e-06   +1.1874e-04   -1.0117e-04   +0.0000e+00   +0.0000e+00   +1.7935e-06   +3.0058e-06   +1.2911e-06   +2.1584e-06
 1.2700e+01   +4.9226e-06   +8.2079e-06   +3.3888e-06   +5.6334e-06   +1.0847e-04   -9.2745e-05   +0.0000e+00   +0.0000e+00   +1.5338e-06   +2.5745e-06   +1.1070e-06   +1.8538e-06
 1.2800e+01   +4.2372e-06   +7.0762e-06   +2.9260e-06   +4.8719e-06   +9.9085e-05   -8.5010e-05   +0.0000e+00   +0.0000e+00   +1.3113e-06   +2.2043e-06   +9.4900e-07   +1.5915e-06
 1.2900e+01   +3.6457e-06   +6.0982e-06   +2.5250e-06   +4.2115e-06   +9.0500e-05   -7.7910e-05   +0.0000e+00   +0.0000e+00   +1.1207e-06   +1.8868e-06   +8.1314e-07   +1.3658e-06
 1.3000e+01   +3.1359e-06   +5.2534e-06   +2.1783e-06   +3.6390e-06   +8.2653e-05   -7.1393e-05   +0.0000e+00   +0.0000e+00   +9.5755e-07   +1.6144e-06   +6.9652e-07   +1.1717e-06
 1.3100e+01   +2.6963e-06   +4.5240e-06   +1.8784e-06   +3.1431e-06   +7.5480e-05   -6.5413e-05   +0.0000e+00   +0.0000e+00   +8.1791e-07   +1.3809e-06   +5.9643e-07   +1.0048e-06
 1.3200e+01   +2.3177e-06   +3.8945e-06   +1.6193e-06   +2.7136e-06   +6.8923e-05   -5.9926e-05   +0.0000e+00   +0.0000e+00   +6.9841e-07   +1.1808e-06   +5.1055e-07   +8.6137e-07
 1.3300e+01   +1.9915e-06   +3.3514e-06   +1.3953e-06   +2.3419e-06   +6.2932e-05   -5.4893e-05   +0.0000e+00   +0.0000e+00   +5.9621e-07   +1.0094e-06   +4.3690e-07   +7.3816e-07
 1.3400e+01   +1.7107e-06   +2.8830e-06   +1.2019e-06   +2.0203e-06   +5.7456e-05   -5.0276e-05   +0.0000e+00   +0.0000e+00   +5.0882e-07   +8.6264e-07   +3.7374e-07   +6.3235e-07
 1.3500e+01   +1.4690e-06   +2.4792e-06   +1.0349e-06   +1.7422e-06   +5.2453e-05   -4.6041e-05   +0.0000e+00   +0.0000e+00   +4.3411e-07   +7.3697e-07   +3.1962e-07   +5.4152e-07
 1.3600e+01   +1.2610e-06   +2.1312e-06   +8.9077e-07   +1.5018e-06   +4.7882e-05   -4.2158e-05   +0.0000e+00   +0.0000e+00   +3.7027e-07   +6.2942e-07   +2.7325e-07   +4.6359e-07
 1.3700e+01   +1.0822e-06   +1.8315e-06   +7.6647e-07   +1.2941e-06   +4.3705e-05   -3.8598e-05   +0.0000e+00   +0.0000e+00   +3.1574e-07   +5.3740e-07   +2.3354e-07   +3.9674e-07
 1.3800e+01   +9.2843e-07   +1.5734e-06   +6.5927e-07   +1.1147e-06   +3.9890e-05   -3.5335e-05   +0.0000e+00   +0.0000e+00   +2.6916e-07   +4.5871e-07   +1.9953e-07   +3.3942e-07
 1.3900e+01   +7.9622e-07   +1.3512e-06   +5.6683e-07   +9.5978e-07   +3.6406e-05   -3.2344e-05   +0.0000e+00   +0.0000e+00   +2.2939e-07   +3.9143e-07   +1.7043e-07   +2.9029e-07
 1.4000e+01   +6.8272e-07   +1.1600e-06   +4.8727e-07   +8.2613e-07   +3.3223e-05   -2.9602e-05   +0.0000e+00   +0.0000e+00   +1.9544e-07   +3.3391e-07   +1.4552e-07   +2.4819e-07
 1.4100e+01   +5.8517e-07   +9.9560e-07   +4.1869e-07   +7.1082e-07   +3.0317e-05   -2.7090e-05   +0.0000e+00   +0.0000e+00   +1.6648e-07   +2.8477e-07   +1.2423e-07   +2.1213e-07
 1.4200e+01   +5.0138e-07   +8.5429e-07   +3.5961e-07   +6.1149e-07   +2.7662e-05   -2.4789e-05   +0.0000e+00   +0.0000e+00   +1.4177e-07   +2.4280e-07   +1.0601e-07   +1.8125e-07
 1.4300e+01   +4.2954e-07   +7.3265e-07   +3.0884e-07   +5.2569e-07   +2.5239e-05   -2.2680e-05   +0.0000e+00   +0.0000e+00   +1.2073e-07   +2.0691e-07   +9.0470e-08   +1.5478e-07
 1.4400e+01   +3.6785e-07   +6.2821e-07   +2.6511e-07   +4.5185e-07   +2.3026e-05   -2.0749e-05   +0.0000e+00   +0.0000e+00   +1.0273e-07   +1.7636e-07   +7.7136e-08   +1.3220e-07
 1.4500e+01   +3.1493e-07   +5.3850e-07   +2.2751e-07   +3.8826e-07   +2.1006e-05   -1.8980e-05   +0.0000e+00   +0.0000e+00   +8.7422e-08   +1.5024e-07   +6.5776e-08   +1.1286e-07
 1.4600e+01   +2.6955e-07   +4.6145e-07   +1.9518e-07   +3.3349e-07   +1.9161e-05   -1.7361e-05   +0.0000e+00   +0.0000e+00   +7.4371e-08   +1.2796e-07   +5.6068e-08   +9.6319e-08
 1.4700e+01   +2.3066e-07   +3.9531e-07   +1.6740e-07   +2.8635e-07   +1.7478e-05   -1.5877e-05   +0.0000e+00   +0.0000e+00   +6.3256e-08   +1.0895e-07   +4.7783e-08   +8.2178e-08
 1.4800e+01   +1.9731e-07   +3.3856e-07   +1.4352e-07   +2.4581e-07   +1.5941e-05   -1.4520e-05   +0.0000e+00   +0.0000e+00   +5.3789e-08   +9.2749e-08   +4.0711e-08   +7.0093e-08
 1.4900e+01   +1.6874e-07   +2.8986e-07   +1.2302e-07   +2.1093e-07   +1.4539e-05   -1.3276e-05   +0.0000e+00   +0.0000e+00   +4.5727e-08   +7.8933e-08   +3.4676e-08   +5.9769e-08
 1.5000e+01   +1.4426e-07   +2.4811e-07   +1.0540e-07   +1.8095e-07   +1.3259e-05   -1.2139e-05   +0.0000e+00   +0.0000e+00   +3.8865e-08   +6.7159e-08   +2.9528e-08   +5.0952e-08
 1.5100e+01   +1.2331e-07   +2.1231e-07   +9.0283e-08   +1.5518e-07   +1.2091e-05   -1.1097e-05   +0.0000e+00   +0.0000e+00   +3.3025e-08   +5.7128e-08   +2.5138e-08   +4.3423e-08
 1.5200e+01   +1.0538e-07   +1.8162e-07   +7.7320e-08   +1.3304e-07   +1.1025e-05   -1.0144e-05   +0.0000e+00   +0.0000e+00   +2.8056e-08   +4.8583e-08   +2.1395e-08   +3.6997e-08
 1.5300e+01   +9.0020e-08   +1.5533e-07   +6.6191e-08   +1.1402e-07   +1.0053e-05   -9.2724e-06   +0.0000e+00   +0.0000e+00   +2.3830e-08   +4.1306e-08   +1.8205e-08   +3.1514e-08
 1.5400e+01   +7.6886e-08   +1.3281e-07   +5.6651e-08   +9.7695e-08   +9.1655e-06   -8.4747e-06   +0.0000e+00   +0.0000e+00   +2.0229e-08   +3.5111e-08   +1.5480e-08   +2.6836e-08
 1.5500e+01   +6.5654e-08   +1.1351e-07   +4.8474e-08   +8.3675e-08   +8.3561e-06   -7.7448e-06   +0.0000e+00   +0.0000e+00   +1.7179e-08   +2.9838e-08   +1.3171e-08   +2.2847e-08
 1.5600e+01   +5.6044e-08   +9.7008e-08   +4.1463e-08   +7.1657e-08   +7.6178e-06   -7.0772e-06   +0.0000e+00   +0.0000e+00   +1.4582e-08   +2.5349e-08   +1.1200e-08   +1.9444e-08
 1.5700e+01   +4.7831e-08   +8.2877e-08   +3.5457e-08   +6.1343e-08   +6.9442e-06   -6.4666e-06   +0.0000e+00   +0.0000e+00   +1.2374e-08   +2.1534e-08   +9.5199e-09   +1.6547e-08
 1.5800e+01   +4.0812e-08   +7.0786e-08   +3.0313e-08   +5.2498e-08   +6.3299e-06   -5.9082e-06   +0.0000e+00   +0.0000e+00   +1.0498e-08   +1.8288e-08   +8.0908e-09   +1.4076e-08
 1.5900e+01   +3.4814e-08   +6.0443e-08   +2.5909e-08   +4.4916e-08   +5.7696e-06   -5.3975e-06   +0.0000e+00   +0.0000e+00   +8.9032e-09   +1.5527e-08   +6.8723e-09   +1.1972e-08
 1.6000e+01   +2.9691e-08   +5.1599e-08   +2.2139e-08   +3.8419e-08   +5.2586e-06   -4.9306e-06   +0.0000e+00   +0.0000e+00   +7.5532e-09   +1.3180e-08   +5.8405e-09   +1.0180e-08
 1.6100e+01   +2.5305e-08   +4.4038e-08   +1.8900e-08   +3.2852e-08   +4.7926e-06   -4.5037e-06   +0.0000e+00   +0.0000e+00   +6.4035e-09   +1.1187e-08   +4.9594e-09   +8.6549e-09
 1.6200e+01   +2.1581e-08   +3.7576e-08   +1.6152e-08   +2.8085e-08   +4.3676e-06   -4.1134e-06   +0.0000e+00   +0.0000e+00   +5.4290e-09   +9.4914e-09   +4.2116e-09   +7.3548e-09
 1.6300e+01   +1.8392e-08   +3.2054e-08   +1.3790e-08   +2.4002e-08   +3.9802e-06   -3.7567e-06   +0.0000e+00   +0.0000e+00   +4.6014e-09   +8.0518e-09   +3.5753e-09   +6.2494e-09
 1.6400e+01   +1.5671e-08   +2.7338e-08   +1.1772e-08   +2.0508e-08   +3.6269e-06   -3.4306e-06   +0.0000e+00   +0.0000e+00   +3.8993e-09   +6.8290e-09   +3.0345e-09   +5.3088e-09
 1.6500e+01   +1.3350e-08   +2.3309e-08   +1.0046e-08   +1.7518e-08   +3.3048e-06   -3.1326e-06   +0.0000e+00   +0.0000e+00   +3.3036e-09   +5.7909e-09   +2.5749e-09   +4.5089e-09
 1.6600e+01   +1.1370e-08   +1.9870e-08   +8.5713e-09   +1.4960e-08   +3.0111e-06   -2.8602e-06   +0.0000e+00   +0.0000e+00   +2.7984e-09   +4.9095e-09   +2.1845e-09   +3.8286e-09
 1.6700e+01   +9.6812e-09   +1.6934e-08   +7.3112e-09   +1.2773e-08   +2.7434e-06   -2.6114e-06   +0.0000e+00   +0.0000e+00   +2.3700e-09   +4.1614e-09   +1.8529e-09   +3.2502e-09
 1.6800e+01   +8.2416e-09   +1.4429e-08   +6.2348e-09   +1.0902e-08   +2.4994e-06   -2.3840e-06   +0.0000e+00   +0.0000e+00   +2.0068e-09   +3.5267e-09   +1.5713e-09   +2.7586e-09
 1.6900e+01   +7.0147e-09   +1.2292e-08   +5.3157e-09   +9.3034e-09   +2.2770e-06   -2.1763e-06   +0.0000e+00   +0.0000e+00   +1.6990e-09   +2.9881e-09   +1.3322e-09   +2.3409e-09
 1.7000e+01   +5.9691e-09   +1.0468e-08   +4.5311e-09   +7.9371e-09   +2.0742e-06   -1.9865e-06   +0.0000e+00   +0.0000e+00   +1.4381e-09   +2.5313e-09   +1.1293e-09   +1.9860e-09
 1.7100e+01   +5.0783e-09   +8.9137e-09   +3.8613e-09   +6.7698e-09   +1.8895e-06   -1.8131e-06   +0.0000e+00   +0.0000e+00   +1.2170e-09   +2.1439e-09   +9.5711e-10   +1.6845e-09
 1.7200e+01   +4.3196e-09   +7.5883e-09   +3.2899e-09   +5.7728e-09   +1.7211e-06   -1.6548e-06   +0.0000e+00   +0.0000e+00   +1.0298e-09   +1.8155e-09   +8.1100e-10   +1.4285e-09
 1.7300e+01   +3.6735e-09   +6.4585e-09   +2.8023e-09   +4.9214e-09   +1.5676e-06   -1.5101e-06   +0.0000e+00   +0.0000e+00   +8.7116e-10   +1.5371e-09   +6.8707e-10   +1.2112e-09
 1.7400e+01   +3.1233e-09   +5.4958e-09   +2.3865e-09   +4.1946e-09   +1.4278e-06   -1.3781e-06   +0.0000e+00   +0.0000e+00   +7.3685e-10   +1.3011e-09   +5.8195e-10   +1.0267e-09
 1.7500e+01   +2.6551e-09   +4.6756e-09   +2.0319e-09   +3.5744e-09   +1.3003e-06   -1.2575e-06   +0.0000e+00   +0.0000e+00   +6.2315e-10   +1.1012e-09   +4.9283e-10   +8.7014e-10
 1.7600e+01   +2.2565e-09   +3.9770e-09   +1.7296e-09   +3.0452e-09   +1.1842e-06   -1.1473e-06   +0.0000e+00   +0.0000e+00   +5.2689e-10   +9.3180e-10   +4.1728e-10   +7.3731e-10
 1.7700e+01   +1.9175e-09   +3.3820e-09   +1.4720e-09   +2.5937e-09   +1.0784e-06   -1.0468e-06   +0.0000e+00   +0.0000e+00   +4.4531e-10   +7.8833e-10   +3.5312e-10   +6.2463e-10
 1.7800e+01   +1.6290e-09   +2.8755e-09   +1.2525e-09   +2.2087e-09   +9.8204e-07   -9.5497e-07   +0.0000e+00   +0.0000e+00   +3.7651e-10   +6.6682e-10   +2.9898e-10   +5.2907e-10
 1.7900e+01   +1.3837e-09   +2.4443e-09   +1.0656e-09   +1.8803e-09   +8.9424e-07   -8.7117e-07   +0.0000e+00   +0.0000e+00   +3.1819e-10   +5.6395e-10   +2.5300e-10   +4.4805e-10
 1.8000e+01   +1.1751e-09   +2.0774e-09   +9.0626e-10   +1.6006e-09   +8.1425e-07   -7.9467e-07   +0.0000e+00   +0.0000e+00   +2.6886e-10   +4.7686e-10   +2.1406e-10   +3.7936e-10
 1.8100e+01   +9.9777e-10   +1.7652e-09   +7.7063e-10   +1.3621e-09   +7.4138e-07   -7.2484e-07   +0.0000e+00   +0.0000e+00   +2.2714e-10   +4.0315e-10   +1.8108e-10   +3.2114e-10
 1.8200e+01   +8.4703e-10   +1.4997e-09   +6.5517e-10   +1.1589e-09   +6.7500e-07   -6.6111e-07   +0.0000e+00   +0.0000e+00   +1.9186e-10   +3.4078e-10   +1.5315e-10   +2.7181e-10
 1.8300e+01   +7.1893e-10   +1.2738e-09   +5.5689e-10   +9.8578e-10   +6.1454e-07   -6.0294e-07   +0.0000e+00   +0.0000e+00   +1.6204e-10   +2.8801e-10   +1.2950e-10   +2.3001e-10
 1.8400e+01   +6.1010e-10   +1.0817e-09   +4.7327e-10   +8.3836e-10   +5.5948e-07   -5.4986e-07   +0.0000e+00   +0.0000e+00   +1.3683e-10   +2.4337e-10   +1.0949e-10   +1.9460e-10
 1.8500e+01   +5.1764e-10   +9.1847e-10   +4.0212e-10   +7.1285e-10   +5.0933e-07   -5.0142e-07   +0.0000e+00   +0.0000e+00   +1.1553e-10   +2.0562e-10   +9.2559e-11   +1.6462e-10
 1.8600e+01   +4.3914e-10   +7.7966e-10   +3.4162e-10   +6.0597e-10   +4.6365e-07   -4.5723e-07   +0.0000e+00   +0.0000e+00   +9.7522e-11   +1.7369e-10   +7.8230e-11   +1.3923e-10
 1.8700e+01   +3.7245e-10   +6.6176e-10   +2.9013e-10   +5.1507e-10   +4.2205e-07   -4.1690e-07   +0.0000e+00   +0.0000e+00   +8.2311e-11   +1.4670e-10   +6.6107e-11   +1.1773e-10
 1.8800e+01   +3.1584e-10   +5.6157e-10   +2.4637e-10   +4.3769e-10   +3.8417e-07   -3.8011e-07   +0.0000e+00   +0.0000e+00   +6.9467e-11   +1.2388e-10   +5.5859e-11   +9.9541e-11
 1.8900e+01   +2.6779e-10   +4.7646e-10   +2.0917e-10   +3.7186e-10   +3.4968e-07   -3.4655e-07   +0.0000e+00   +0.0000e+00   +5.8611e-11   +1.0459e-10   +4.7184e-11   +8.4144e-11
 1.9000e+01   +2.2700e-10   +4.0416e-10   +1.7755e-10   +3.1587e-10   +3.1827e-07   -3.1593e-07   +0.0000e+00   +0.0000e+00   +4.9447e-11   +8.8297e-11   +3.9853e-11   +7.1118e-11
 1.9100e+01   +1.9240e-10   +3.4279e-10   +1.5069e-10   +2.6826e-10   +2.8967e-07   -2.8800e-07   +0.0000e+00   +0.0000e+00   +4.1711e-11   +7.4526e-11   +3.3657e-11   +6.0096e-11
 1.9200e+01   +1.6305e-10   +2.9069e-10   +1.2787e-10   +2.2779e-10   +2.6364e-07   -2.6253e-07   +0.0000e+00   +0.0000e+00   +3.5178e-11   +6.2896e-11   +2.8418e-11   +5.0776e-11
 1.9300e+01   +1.3815e-10   +2.4645e-10   +1.0848e-10   +1.9338e-10   +2.3993e-07   -2.3930e-07   +0.0000e+00   +0.0000e+00   +2.9665e-11   +5.3071e-11   +2.3991e-11   +4.2894e-11
 1.9400e+01   +1.1701e-10   +2.0895e-10   +9.2002e-11   +1.6417e-10   +2.1834e-07   -2.1811e-07   +0.0000e+00   +0.0000e+00   +2.5011e-11   +4.4775e-11   +2.0250e-11   +3.6229e-11
 1.9500e+01   +9.9128e-11   +1.7706e-10   +7.8042e-11   +1.3929e-10   +1.9870e-07   -1.9879e-07   +0.0000e+00   +0.0000e+00   +2.1086e-11   +3.7770e-11   +1.7091e-11   +3.0595e-11
 1.9600e+01   +8.3946e-11   +1.5004e-10   +6.6173e-11   +1.1819e-10   +1.8081e-07   -1.8117e-07   +0.0000e+00   +0.0000e+00   +1.7774e-11   +3.1856e-11   +1.4422e-11   +2.5833e-11
 1.9700e+01   +7.1080e-11   +1.2713e-10   +5.6100e-11   +1.0026e-10   +1.6453e-07   -1.6510e-07   +0.0000e+00   +0.0000e+00   +1.4980e-11   +2.6864e-11   +1.2168e-11   +2.1808e-11
 1.9800e+01   +6.0176e-11   +1.0769e-10   +4.7553e-11   +8.5039e-11   +1.4970e-07   -1.5045e-07   +0.0000e+00   +0.0000e+00   +1.2623e-11   +2.2651e-11   +1.0265e-11   +1.8409e-11
 1.9900e+01   +5.0937e-11   +9.1211e-11   +4.0301e-11   +7.2115e-11   +1.3621e-07   -1.3709e-07   +0.0000e+00   +0.0000e+00   +1.0687e-11   +1.9096e-11   +8.7096e-12   +1.5536e-11
  2.0000e+01   +4.3113e-11   +7.7240e-11   +3.4153e-11   +6.1144e-11   +1.2339e-07   -1.2543e-07   +2.4384e-312   +3.0512e-312   +8.9602e-12   +1.6097e-11   +7.3018e-12   +1.3110e-11
 2.0100e+01   +3.6468e-11   +6.5422e-11   +2.8921e-11   +5.1855e-11   +1.1227e-07   -1.1425e-07   +2.4384e-312   +3.0512e-312   +7.5475e-12   +1.3567e-11   +6.1569e-12   +1.1061e-11
 2.0200e+01   +3.0864e-11   +5.5366e-11   +2.4508e-11   +4.3932e-11   +1.0214e-07   -1.0406e-07   +2.4384e-312   +3.0512e-312   +6.3566e-12   +1.1433e-11   +5.1908e-12   +9.3306e-12
 2.0300e+01   +2.6109e-11   +4.6863e-11   +2.0756e-11   +3.7230e-11   +9.2928e-08   -9.4770e-08   +2.4384e-312   +3.0512e-312   +5.3530e-12   +9.6328e-12   +4.3757e-12   +7.8698e-12
 2.0400e+01   +2.2083e-11   +3.9660e-11   +1.7576e-11   +3.1545e-11   +8.4542e-08   -8.6309e-08   +2.4384e-312   +3.0512e-312   +4.5072e-12   +8.1154e-12   +3.6880e-12   +6.6368e-12
 2.0500e+01   +1.8675e-11   +3.3559e-11   +1.4881e-11   +2.6723e-11   +7.6911e-08   -7.8599e-08   +2.4384e-312   +3.0512e-312   +3.7946e-12   +6.8361e-12   +3.1081e-12   +5.5962e-12
 2.0600e+01   +1.5791e-11   +2.8392e-11   +1.2597e-11   +2.2635e-11   +6.9967e-08   -7.1576e-08   +2.4384e-312   +3.0512e-312   +3.1935e-12   +5.7576e-12   +2.6181e-12   +4.7181e-12
 2.0700e+01   +1.3350e-11   +2.4017e-11   +1.0662e-11   +1.9169e-11   +6.3647e-08   -6.5177e-08   +2.4384e-312   +3.0512e-312   +2.6885e-12   +4.8486e-12   +2.2064e-12   +3.9771e-12
 2.0800e+01   +1.1285e-11   +2.0315e-11   +9.0221e-12   +1.6232e-11   +5.7897e-08   -5.9348e-08   +2.4384e-312   +3.0512e-312   +2.2626e-12   +4.0826e-12   +1.8587e-12   +3.3521e-12
 2.0900e+01   +9.5363e-12   +1.7178e-11   +7.6324e-12   +1.3741e-11   +5.2665e-08   -5.4039e-08   +2.4384e-312   +3.0512e-312   +1.9038e-12   +3.4374e-12   +1.5654e-12   +2.8251e-12
 2.1000e+01   +8.0603e-12   +1.4525e-11   +6.4584e-12   +1.1631e-11   +4.7905e-08   -4.9202e-08   +2.4384e-312   +3.0512e-312   +1.6019e-12   +2.8934e-12   +1.3184e-12   +2.3803e-12
 2.1100e+01   +6.8106e-12   +1.2279e-11   +5.4630e-12   +9.8437e-12   +4.3573e-08   -4.4796e-08   +2.4384e-312   +3.0512e-312   +1.3474e-12   +2.4354e-12   +1.1099e-12   +2.0054e-12
 2.1200e+01   +5.7539e-12   +1.0379e-11   +4.6204e-12   +8.3296e-12   +3.9632e-08   -4.0784e-08   +2.4384e-312   +3.0512e-312   +1.1336e-12   +2.0496e-12   +9.3472e-13   +1.6893e-12
 2.1300e+01   +4.8603e-12   +8.7721e-12   +3.9070e-12   +7.0474e-12   +3.6047e-08   -3.7129e-08   +2.4384e-312   +3.0512e-312   +9.5333e-13   +1.7247e-12   +7.8683e-13   +1.4228e-12
 2.1400e+01   +4.1050e-12   +7.4127e-12   +3.3033e-12   +5.9616e-12   +3.2785e-08   -3.3801e-08   +2.4384e-312   +3.0512e-312   +8.0174e-13   +1.4511e-12   +6.6233e-13   +1.1982e-12
 2.1500e+01   +3.4667e-12   +6.2631e-12   +2.7925e-12   +5.0424e-12   +2.9817e-08   -3.0770e-08   +2.4384e-312   +3.0512e-312   +6.7415e-13   +1.2208e-12   +5.5743e-13   +1.0089e-12
 2.1600e+01   +2.9271e-12   +5.2911e-12   +2.3603e-12   +4.2642e-12   +2.7118e-08   -2.8010e-08   +2.4384e-312   +3.0512e-312   +5.6680e-13   +1.0269e-12   +4.6909e-13   +8.4946e-13
 2.1700e+01   +2.4712e-12   +4.4693e-12   +1.9947e-12   +3.6056e-12   +2.4662e-08   -2.5496e-08   +2.4384e-312   +3.0512e-312   +4.7646e-13   +8.6362e-13   +3.9466e-13   +7.1504e-13
 2.1800e+01   +2.0860e-12   +3.7746e-12   +1.6855e-12   +3.0483e-12   +2.2428e-08   -2.3207e-08   +2.4384e-312   +3.0512e-312   +4.0052e-13   +7.2632e-13   +3.3206e-13   +6.0190e-13
 2.1900e+01   +1.7607e-12   +3.1874e-12   +1.4241e-12   +2.5767e-12   +2.0396e-08   -2.1123e-08   +2.4384e-312   +3.0512e-312   +3.3662e-13   +6.1074e-13   +2.7933e-13   +5.0656e-13
 2.2000e+01   +1.4859e-12   +2.6912e-12   +1.2030e-12   +2.1778e-12   +1.8547e-08   -1.9225e-08   +2.4384e-312   +3.0512e-312   +2.8289e-13   +5.1349e-13   +2.3495e-13   +4.2627e-13
 2.2100e+01   +1.2538e-12   +2.2720e-12   +1.0161e-12   +1.8403e-12   +1.6866e-08   -1.7498e-08   +2.4384e-312   +3.0512e-312   +2.3770e-13   +4.3167e-13   +1.9758e-13   +3.5866e-13
 2.2200e+01   +1.0578e-12   +1.9178e-12   +8.5811e-13   +1.5550e-12   +1.5336e-08   -1.5925e-08   +2.4384e-312   +3.0512e-312   +1.9972e-13   +3.6285e-13   +1.6615e-13   +3.0174e-13
 2.2300e+01   +8.9236e-13   +1.6186e-12   +7.2459e-13   +1.3137e-12   +1.3945e-08   -1.4493e-08   +2.4384e-312   +3.0512e-312   +1.6778e-13   +3.0497e-13   +1.3970e-13   +2.5382e-13
 2.2400e+01   +7.5270e-13   +1.3659e-12   +6.1177e-13   +1.1096e-12   +1.2680e-08   -1.3189e-08   +2.4384e-312   +3.0512e-312   +1.4093e-13   +2.5629e-13   +1.1744e-13   +2.1348e-13
 2.2500e+01   +6.3482e-13   +1.1525e-12   +5.1645e-13   +9.3718e-13   +1.1530e-08   -1.2002e-08   +2.4384e-312   +3.0512e-312   +1.1837e-13   +2.1535e-13   +9.8724e-14   +1.7953e-13
 2.2600e+01   +5.3532e-13   +9.7235e-13   +4.3591e-13   +7.9141e-13   +1.0483e-08   -1.0922e-08   +2.4384e-312   +3.0512e-312   +9.9409e-14   +1.8094e-13   +8.2976e-14   +1.5097e-13
 2.2700e+01   +4.5137e-13   +8.2023e-13   +3.6789e-13   +6.6823e-13   +9.5314e-09   -9.9381e-09   +2.4384e-312   +3.0512e-312   +8.3476e-14   +1.5200e-13   +6.9734e-14   +1.2693e-13
 2.2800e+01   +3.8054e-13   +6.9183e-13   +3.1045e-13   +5.6414e-13   +8.6659e-09   -9.0429e-09   +2.4384e-312   +3.0512e-312   +7.0090e-14   +1.2768e-13   +5.8598e-14   +1.0671e-13
 2.2900e+01   +3.2077e-13   +5.8345e-13   +2.6193e-13   +4.7621e-13   +7.8788e-09   -8.2281e-09   +2.4384e-312   +3.0512e-312   +5.8843e-14   +1.0724e-13   +4.9234e-14   +8.9699e-14
 2.3000e+01   +2.7039e-13   +4.9198e-13   +2.2099e-13   +4.0191e-13   +7.1630e-09   -7.4865e-09   +2.4384e-312   +3.0512e-312   +4.9398e-14   +9.0067e-14   +4.1364e-14   +7.5391e-14
 2.3100e+01   +2.2786e-13   +4.1481e-13   +1.8640e-13   +3.3918e-13   +6.5121e-09   -6.8115e-09   +2.4384e-312   +3.0512e-312   +4.1464e-14   +7.5632e-14   +3.4748e-14   +6.3358e-14
 2.3200e+01   +1.9200e-13   +3.4971e-13   +1.5720e-13   +2.8621e-13   +5.9202e-09   -6.1972e-09   +2.4384e-312   +3.0512e-312   +3.4800e-14   +6.3503e-14   +2.9186e-14   +5.3239e-14
 2.3300e+01   +1.6178e-13   +2.9477e-13   +1.3258e-13   +2.4146e-13   +5.3820e-09   -5.6381e-09   +2.4384e-312   +3.0512e-312   +2.9202e-14   +5.3312e-14   +2.4510e-14   +4.4730e-14
 2.3400e+01   +1.3629e-13   +2.4844e-13   +1.1179e-13   +2.0369e-13   +4.8926e-09   -5.1293e-09   +2.4384e-312   +3.0512e-312   +2.4506e-14   +4.4755e-14   +2.0584e-14   +3.7579e-14
 2.3500e+01   +1.1481e-13   +2.0937e-13   +9.4249e-14   +1.7180e-13   +4.4477e-09   -4.6663e-09   +2.4384e-312   +3.0512e-312   +2.0561e-14   +3.7566e-14   +1.7284e-14   +3.1567e-14
 2.3600e+01   +9.6701e-14   +1.7642e-13   +7.9451e-14   +1.4489e-13   +4.0431e-09   -4.2449e-09   +2.4384e-312   +3.0512e-312   +1.7250e-14   +3.1529e-14   +1.4511e-14   +2.6514e-14
 2.3700e+01   +8.1437e-14   +1.4864e-13   +6.6967e-14   +1.2218e-13   +3.6752e-09   -3.8615e-09   +2.4384e-312   +3.0512e-312   +1.4469e-14   +2.6459e-14   +1.2181e-14   +2.2267e-14
 2.3800e+01   +6.8578e-14   +1.2522e-13   +5.6441e-14   +1.0301e-13   +3.3407e-09   -3.5127e-09   +2.4384e-312   +3.0512e-312   +1.2137e-14   +2.2203e-14   +1.0225e-14   +1.8699e-14
 2.3900e+01   +5.7742e-14   +1.0547e-13   +4.7562e-14   +8.6845e-14   +3.0366e-09   -3.1952e-09   +2.4384e-312   +3.0512e-312   +1.0180e-14   +1.8628e-14   +8.5826e-15   +1.5700e-14
 2.4000e+01   +4.8612e-14   +8.8834e-14   +4.0076e-14   +7.3205e-14   +2.7602e-09   -2.9064e-09   +2.4384e-312   +3.0512e-312   +8.5369e-15   +1.5629e-14   +7.2026e-15   +1.3182e-14
 2.4100e+01   +4.0922e-14   +7.4810e-14   +3.3763e-14   +6.1700e-14   +2.5088e-09   -2.6436e-09   +2.4384e-312   +3.0512e-312   +7.1586e-15   +1.3110e-14   +6.0441e-15   +1.1066e-14
 2.4200e+01   +3.4444e-14   +6.2994e-14   +2.8442e-14   +5.1997e-14   +2.2803e-09   -2.4045e-09   +2.4384e-312   +3.0512e-312   +6.0022e-15   +1.0997e-14   +5.0713e-15   +9.2884e-15
 2.4300e+01   +2.8989e-14   +5.3038e-14   +2.3957e-14   +4.3814e-14   +2.0726e-09   -2.1869e-09   +2.4384e-312   +3.0512e-312   +5.0322e-15   +9.2234e-15   +4.2547e-15   +7.7960e-15
 2.4400e+01   +2.4402e-14   +4.4636e-14   +2.0184e-14   +3.6901e-14   +1.8837e-09   -1.9890e-09   +2.4384e-312   +3.0512e-312   +4.2185e-15   +7.7348e-15   +3.5693e-15   +6.5424e-15
 2.4500e+01   +2.0527e-14   +3.7585e-14   +1.6991e-14   +3.1099e-14   +1.7120e-09   -1.8090e-09   +2.4384e-312   +3.0512e-312   +3.5372e-15   +6.4859e-15   +2.9951e-15   +5.4899e-15
 2.4600e+01   +1.7270e-14   +3.1634e-14   +1.4306e-14   +2.6196e-14   +1.5560e-09   -1.6452e-09   +2.4384e-312   +3.0512e-312   +2.9632e-15   +5.4396e-15   +2.5105e-15   +4.6076e-15
 2.4700e+01   +1.4529e-14   +2.6623e-14   +1.2045e-14   +2.2063e-14   +1.4141e-09   -1.4962e-09   +2.4384e-312   +3.0512e-312   +2.4839e-15   +4.5594e-15   +2.1060e-15   +3.8645e-15
 2.4800e+01   +1.2222e-14   +2.2402e-14   +1.0140e-14   +1.8580e-14   +1.2852e-09   -1.3606e-09   +2.4384e-312   +3.0512e-312   +1.8549e-15   +3.4028e-15   +1.5741e-15   +2.8869e-15
 2.4900e+01   +9.1748e-15   +1.6809e-14   +7.6203e-15   +1.3956e-14   +1.1680e-09   -1.2374e-09   +2.4384e-312   +3.0512e-312   +1.5545e-15   +2.8529e-15   +1.3201e-15   +2.4220e-15
 2.5000e+01   +7.7188e-15   +1.4143e-14   +6.4161e-15   +1.1751e-14   +1.0614e-09   -1.1252e-09   +2.4384e-312   +3.0512e-312   +1.2926e-15   +2.3458e-15   +1.1019e-15   +1.9859e-15
 2.5100e+01   +6.5438e-15   +1.1475e-14   +5.4665e-15   +9.4967e-15   +9.6457e-10   -1.0232e-09   +2.4384e-312   +3.0512e-312   +1.0773e-15   +1.9783e-15   +9.1610e-16   +1.6818e-15
 2.5200e+01   +5.3888e-15   +9.8833e-15   +4.4862e-15   +8.2251e-15   +8.7654e-10   -9.3041e-10   +2.4384e-312   +3.0512e-312   +9.0266e-16   +1.6582e-15   +7.6810e-16   +1.4106e-15
 2.5300e+01   +4.5316e-15   +8.3142e-15   +3.7754e-15   +6.9244e-15   +7.9653e-10   -8.4602e-10   +2.4384e-312   +3.0512e-312   +7.5626e-16   +1.3898e-15   +6.4394e-16   +1.1831e-15
 2.5400e+01   +3.8102e-15   +6.9934e-15   +3.1766e-15   +5.8287e-15   +7.2382e-10   -7.6926e-10   +2.4384e-312   +3.0512e-312   +6.3356e-16   +1.1647e-15   +5.3982e-16   +9.9210e-16
 2.5500e+01   +3.2036e-15   +5.8820e-15   +2.6729e-15   +4.9060e-15   +6.5773e-10   -6.9946e-10   +2.4384e-312   +3.0512e-312   -6.6709e-16   +9.7599e-16   -8.0707e-16   +9.5534e-16
 2.5600e+01   +4.1281e-16   +7.1934e-16   +3.4528e-16   +6.0140e-16   +5.9766e-10   -6.3597e-10   +2.4384e-312   +3.0512e-312   +6.7531e-17   +1.1794e-16   +5.7699e-17   +1.0074e-16
 2.5700e+01   +3.4633e-16   +6.0383e-16   +2.8988e-16   +5.0518e-16   +5.4307e-10   -5.7823e-10   +2.4384e-312   +3.0512e-312   +5.6452e-17   +9.8645e-17   +4.8263e-17   +8.4304e-17
 2.5800e+01   +2.9059e-16   +5.0671e-16   +2.4340e-16   +4.2421e-16   +4.9346e-10   -5.2572e-10   +2.4384e-312   +3.0512e-312   +4.7187e-17   +8.2497e-17   +4.0367e-17   +7.0548e-17
 2.5900e+01   +2.4370e-16   +4.2535e-16   +2.0426e-16   +3.5636e-16   +4.4837e-10   -4.7797e-10   +2.4384e-312   +3.0512e-312   +3.9439e-17   +6.8988e-17   +3.3759e-17   +5.9031e-17
 2.6000e+01   +2.0440e-16   +3.5695e-16   +1.7144e-16   +2.9926e-16   +4.0739e-10   -4.3454e-10   +2.4384e-312   +3.0512e-312   +3.2961e-17   +5.7686e-17   +2.8231e-17   +4.9390e-17
 2.6100e+01   +1.7143e-16   +2.9952e-16   +1.4388e-16   +2.5128e-16   +3.7016e-10   -3.9506e-10   +2.4384e-312   +3.0512e-312   +2.7545e-17   +4.8232e-17   +2.3606e-17   +4.1321e-17
 2.6200e+01   +1.4376e-16   +2.5130e-16   +1.2074e-16   +2.1098e-16   +3.3632e-10   -3.5915e-10   +2.4384e-312   +3.0512e-312   +2.3017e-17   +4.0323e-17   +1.9738e-17   +3.4566e-17
 2.6300e+01   +1.2054e-16   +2.1083e-16   +1.0131e-16   +1.7712e-16   +3.0557e-10   -3.2650e-10   +2.4384e-312   +3.0512e-312   +1.9232e-17   +3.3709e-17   +1.6502e-17   +2.8913e-17
 2.6400e+01   +1.0107e-16   +1.7686e-16   +8.5000e-17   +1.4868e-16   +2.7762e-10   -2.9681e-10   +2.4384e-312   +3.0512e-312   +1.6068e-17   +2.8178e-17   +1.3795e-17   +2.4183e-17
 2.6500e+01   +8.4675e-17   +1.4847e-16   +7.1251e-17   +1.2491e-16   +2.5223e-10   -2.6981e-10   +2.4384e-312   +3.0512e-312   +1.3424e-17   +2.3553e-17   +1.1532e-17   +2.0225e-17
 2.6600e+01   +7.1032e-17   +1.2443e-16   +5.9818e-17   +1.0474e-16   +2.2915e-10   -2.4527e-10   +2.4384e-312   +3.0512e-312   +1.1214e-17   +1.9685e-17   +9.6387e-18   +1.6914e-17
 2.6700e+01   +5.9541e-17   +1.0435e-16   +5.0174e-17   +8.7898e-17   +2.0819e-10   -2.2295e-10   +2.4384e-312   +3.0512e-312   +9.3673e-18   +1.6451e-17   +8.0559e-18   +1.4143e-17
 2.6800e+01   +4.9906e-17   +8.7505e-17   +4.2082e-17   +7.3758e-17   +1.8914e-10   -2.0266e-10   +2.4384e-312   +3.0512e-312   +7.8241e-18   +1.3747e-17   +6.7325e-18   +1.1826e-17
 2.6900e+01   +4.1825e-17   +7.3373e-17   +3.5290e-17   +6.1886e-17   +1.7183e-10   -1.8421e-10   +2.4384e-312   +3.0512e-312   +6.5346e-18   +1.1487e-17   +5.6261e-18   +9.8869e-18
 2.7000e+01   +3.5050e-17   +6.1518e-17   +2.9593e-17   +5.1921e-17   +1.5610e-10   -1.6744e-10   +2.4384e-312   +3.0512e-312   +5.4573e-18   +9.5978e-18   +4.7012e-18   +8.2654e-18
 2.7100e+01   +2.9370e-17   +5.1575e-17   +2.4813e-17   +4.3556e-17   +1.4181e-10   -1.5219e-10   +2.4384e-312   +3.0512e-312   +4.5572e-18   +8.0186e-18   +3.9280e-18   +6.9093e-18
 2.7200e+01   +2.4609e-17   +4.3234e-17   +2.0804e-17   +3.6535e-17   +1.2882e-10   -1.3833e-10   +2.4384e-312   +3.0512e-312   +3.8057e-18   +6.6982e-18   +3.2821e-18   +5.7746e-18
 2.7300e+01   +2.0618e-17   +3.6240e-17   +1.7440e-17   +3.0644e-17   +1.1702e-10   -1.2573e-10   +2.4384e-312   +3.0512e-312   +3.1773e-18   +5.5958e-18   +2.7416e-18   +4.8270e-18
 2.7400e+01   +1.7272e-17   +3.0374e-17   +1.4620e-17   +2.5700e-17   +1.0630e-10   -1.1427e-10   +2.4384e-312   +3.0512e-312   +2.6528e-18   +4.6741e-18   +2.2902e-18   +4.0341e-18
 2.7500e+01   +1.4469e-17   +2.5456e-17   +1.2254e-17   +2.1552e-17   +9.6566e-11   -1.0386e-10   +2.4384e-312   +3.0512e-312   +2.2146e-18   +3.9039e-18   +1.9130e-18   +3.3712e-18
 2.7600e+01   +1.2119e-17   +2.1332e-17   +1.0271e-17   +1.8072e-17   +8.7718e-11   -9.4389e-11   +2.4384e-312   +3.0512e-312   +1.8487e-18   +3.2604e-18   +1.5978e-18   +2.8170e-18
 2.7700e+01   +1.0151e-17   +1.7875e-17   +8.6073e-18   +1.5152e-17   +7.9680e-11   -8.5783e-11   +2.4384e-312   +3.0512e-312   +1.5432e-18   +2.7228e-18   +1.3344e-18   +2.3538e-18
 2.7800e+01   +8.5009e-18   +1.4977e-17   +7.2128e-18   +1.2703e-17   +7.2377e-11   -7.7960e-11   +2.4384e-312   +3.0512e-312   +1.2881e-18   +2.2737e-18   +1.1144e-18   +1.9665e-18
 2.7900e+01   +7.1137e-18   +1.2558e-17   +6.0388e-18   +1.0659e-17   +6.5742e-11   -7.0850e-11   +2.4384e-312   +3.0512e-312   +1.0750e-18   +1.8985e-18   +9.3058e-19   +1.6429e-18
 2.8000e+01   +5.9603e-18   +1.0512e-17   +5.0631e-18   +8.9264e-18   +5.9715e-11   -6.4386e-11   +2.4384e-312   +3.0512e-312   +8.9696e-19   +1.5851e-18   +7.7681e-19   +1.3724e-18
 2.8100e+01   +4.9910e-18   +8.8051e-18   +4.2423e-18   +7.4818e-18   +5.4240e-11   -5.8511e-11   +2.4384e-312   +3.0512e-312   +7.4871e-19   +1.3233e-18   +6.4877e-19   +1.1464e-18
 2.8200e+01   +2.6845e-18   +7.3746e-18   +2.2640e-18   +6.2698e-18   +4.9266e-11   -5.3172e-11   +2.4384e-312   +3.0512e-312   +6.2476e-19   +1.1048e-18   +5.4165e-19   +9.5752e-19
 2.8300e+01   +2.7600e-18   +5.1511e-18   +2.3403e-18   +4.3668e-18   +4.4747e-11   -4.8318e-11   +2.4384e-312   +3.0512e-312   +4.1975e-19   +7.8437e-19   +3.6296e-19   +6.7812e-19
 2.8400e+01   +2.3108e-18   +4.3137e-18   +1.9605e-18   +3.6591e-18   +4.0642e-11   -4.3907e-11   +2.4384e-312   +3.0512e-312   +3.5024e-19   +6.5464e-19   +3.0302e-19   +5.6627e-19
 2.8500e+01   +1.9345e-18   +3.6122e-18   +1.6422e-18   +3.0658e-18   +3.6914e-11   -3.9898e-11   +2.4384e-312   +3.0512e-312   +2.9223e-19   +5.4633e-19   +2.5296e-19   +4.7283e-19
 2.8600e+01   +1.6193e-18   +3.0245e-18   +1.3755e-18   +2.5685e-18   +3.3527e-11   -3.6254e-11   +2.4384e-312   +3.0512e-312   +2.4380e-19   +4.5592e-19   +2.1115e-19   +3.9478e-19
 2.8700e+01   +1.3554e-18   +2.5322e-18   +1.1520e-18   +2.1517e-18   +3.0450e-11   -3.2943e-11   +2.4384e-312   +3.0512e-312   +2.0339e-19   +3.8044e-19   +1.7624e-19   +3.2959e-19
 2.8800e+01   +1.1344e-18   +2.1199e-18   +9.6477e-19   +1.8024e-18   +2.7655e-11   -2.9933e-11   +2.4384e-312   +3.0512e-312   +1.6967e-19   +3.1743e-19   +1.4709e-19   +2.7515e-19
 2.8900e+01   +9.4941e-19   +1.7746e-18   +8.0789e-19   +1.5097e-18   +2.5116e-11   -2.7198e-11   +2.4384e-312   +3.0512e-312   +1.4153e-19   +2.6485e-19   +1.2276e-19   +2.2969e-19
 2.9000e+01   +7.9451e-19   +1.4854e-18   +6.7646e-19   +1.2644e-18   +2.2811e-11   -2.4712e-11   +2.4384e-312   +3.0512e-312   +1.1804e-19   +2.2096e-19   +1.0244e-19   +1.9172e-19
 2.9100e+01   +6.6483e-19   +1.2432e-18   +5.6637e-19   +1.0589e-18   +2.0716e-11   -2.2453e-11   +2.4384e-312   +3.0512e-312   +9.8454e-20   +1.8433e-19   +8.5485e-20   +1.6002e-19
 2.9200e+01   +5.5628e-19   +1.0405e-18   +4.7417e-19   +8.8673e-19   +1.8814e-11   -2.0401e-11   +2.4384e-312   +3.0512e-312   +8.2109e-20   +1.5376e-19   +7.1328e-20   +1.3355e-19
 2.9300e+01   +4.6541e-19   +8.7075e-19   +3.9694e-19   +7.4249e-19   +1.7086e-11   -1.8535e-11   +2.4384e-312   +3.0512e-312   +6.8474e-20   +1.2826e-19   +5.9512e-20   +1.1145e-19
 2.9400e+01   +3.8937e-19   +7.2864e-19   +3.3227e-19   +6.2166e-19   +1.5516e-11   -1.6840e-11   +2.4384e-312   +3.0512e-312   +5.7099e-20   +1.0698e-19   +4.9651e-20   +9.3005e-20
 2.9500e+01   +4.4448e-17   -5.4878e-18   +4.4400e-17   -5.5770e-18   +1.4091e-11   -1.5300e-11   +2.4384e-312   +3.0512e-312   +4.7611e-20   +8.9220e-20   +4.1420e-20   +7.7606e-20
 2.9600e+01   +1.7990e-17   +3.3735e-17   +1.7691e-17   +3.3174e-17   +1.2796e-11   -1.3900e-11   +2.4384e-312   +3.0512e-312   +3.9697e-20   +7.4406e-20   +3.4552e-20   +6.4752e-20
 2.9700e+01   +3.3953e-18   -6.3686e-20   +3.1457e-18   -5.3195e-19   +1.1620e-11   -1.2628e-11   +2.4384e-312   +3.0512e-312   +3.3097e-20   +6.2049e-20   +2.8821e-20   +5.4024e-20
 2.9800e+01   +1.4551e-18   +2.7270e-18   +1.2466e-18   +2.3358e-18   +1.0552e-11   -1.1473e-11   +2.4384e-312   +3.0512e-312   +2.7592e-20   +5.1740e-20   +2.4039e-20   +4.5070e-20
 2.9900e+01   +1.2191e-18   +2.2853e-18   +1.0449e-18   +1.9585e-18   +9.5824e-12   -1.0423e-11   +2.4384e-312   +3.0512e-312   +2.3002e-20   +4.3142e-20   +2.0049e-20   +3.7598e-20
  3.0000e+01   +1.0213e-18   +1.9149e-18   +8.7586e-19   +1.6420e-18   +8.7015e-12   -9.4685e-12   +2.1065e-312   +2.8614e-312   +1.9174e-20   +3.5970e-20   +1.6721e-20   +3.1363e-20
 3.0100e+01   +8.5554e-19   +1.6045e-18   +7.3409e-19   +1.3765e-18   +7.9015e-12   -8.6016e-12   +2.1065e-312   +2.8614e-312   +1.5982e-20   +2.9989e-20   +1.3944e-20   +2.6160e-20
 3.0200e+01   +7.1667e-19   +1.3442e-18   +6.1526e-19   +1.1538e-18   +7.1749e-12   -7.8140e-12   +2.1065e-312   +2.8614e-312   +1.3321e-20   +2.5001e-20   +1.1627e-20   +2.1819e-20
 3.0300e+01   +6.0024e-19   +1.1262e-18   +5.1556e-19   +9.6714e-19   +6.5151e-12   -7.0983e-12   +2.1065e-312   +2.8614e-312   -2.0050e-19   +2.0841e-20   -2.0191e-19   +1.8197e-20
 3.0400e+01   +5.0271e-19   +9.4338e-19   +4.3201e-19   +8.1059e-19   +5.9159e-12   -6.4481e-12   +2.1065e-312   +2.8614e-312   +6.0025e-19   +1.1286e-18   +5.9908e-19   +1.1264e-18
 3.0500e+01   +4.2100e-19   +7.9021e-19   +3.6198e-19   +6.7932e-19   +5.3717e-12   -5.8574e-12   +2.1065e-312   +2.8614e-312   -4.6902e-19   +9.3989e-19   -4.7638e-19   +9.2605e-19
 3.0600e+01   +3.5255e-19   +6.6184e-19   +3.0328e-19   +5.6925e-19   +4.8775e-12   -5.3207e-12   +2.1065e-312   +2.8614e-312   +9.5076e-20   +9.8317e-22   +8.8951e-20   -1.0539e-20
 3.0700e+01   +2.9520e-19   +5.5431e-19   +2.5407e-19   +4.7701e-19   +4.4288e-12   -4.8331e-12   +2.1065e-312   +2.8614e-312   +4.1128e-20   +7.7304e-20   +3.6031e-20   +6.7714e-20
 3.0800e+01   +2.4716e-19   +4.6421e-19   +2.1283e-19   +3.9967e-19   +4.0212e-12   -4.3901e-12   +2.1065e-312   +2.8614e-312   +3.4307e-20   +6.4585e-20   +3.0065e-20   +5.6603e-20
 3.0900e+01   +2.0691e-19   +3.8871e-19   +1.7826e-19   +3.3483e-19   +3.6512e-12   -3.9877e-12   +2.1065e-312   +2.8614e-312   +2.8651e-20   +5.3876e-20   +2.5122e-20   +4.7234e-20
 3.1000e+01   +1.7323e-19   +3.2549e-19   +1.4931e-19   +2.8052e-19   +3.3151e-12   -3.6221e-12   +2.1065e-312   +2.8614e-312   +2.3914e-20   +4.4976e-20   +2.0977e-20   +3.9448e-20
 3.1100e+01   +1.4500e-19   +2.7253e-19   +1.2504e-19   +2.3498e-19   +3.0100e-12   -3.2900e-12   +2.1065e-312   +2.8614e-312   +1.9957e-20   +3.7542e-20   +1.7514e-20   +3.2942e-20
 3.1200e+01   +1.2138e-19   +2.2816e-19   +1.0472e-19   +1.9683e-19   +2.7329e-12   -2.9883e-12   +2.1065e-312   +2.8614e-312   +1.6654e-20   +3.1335e-20   +1.4622e-20   +2.7507e-20
 3.1300e+01   +1.0159e-19   +1.9100e-19   +8.7695e-20   +1.6485e-19   +2.4812e-12   -2.7142e-12   +2.1065e-312   +2.8614e-312   +1.3897e-20   +2.6152e-20   +1.2206e-20   +2.2967e-20
 3.1400e+01   +8.5028e-20   +1.5989e-19   +7.3432e-20   +1.3806e-19   +2.2528e-12   -2.4652e-12   +2.1065e-312   +2.8614e-312   +1.1596e-20   +2.1826e-20   +1.0189e-20   +1.9176e-20
 3.1500e+01   +7.1155e-20   +1.3383e-19   +6.1480e-20   +1.1562e-19   +2.0453e-12   -2.2390e-12   +2.1065e-312   +2.8614e-312   +9.6749e-21   +1.8214e-20   +8.5047e-21   +1.6009e-20
 3.1600e+01   +5.9544e-20   +1.1202e-19   +5.1472e-20   +9.6816e-20   +1.8569e-12   -2.0336e-12   +2.1065e-312   +2.8614e-312   +8.0718e-21   +1.5199e-20   +7.0984e-21   +1.3364e-20
 3.1700e+01   +4.9823e-20   +9.3748e-20   +4.3090e-20   +8.1066e-20   +1.6859e-12   -1.8469e-12   +2.1065e-312   +2.8614e-312   +6.7339e-21   +1.2682e-20   +5.9243e-21   +1.1156e-20
 3.1800e+01   +4.1690e-20   +7.8454e-20   +3.6072e-20   +6.7873e-20   +1.5306e-12   -1.6774e-12   +2.1065e-312   +2.8614e-312   +5.6174e-21   +1.0581e-20   +4.9441e-21   +9.3119e-21
 3.1900e+01   +3.4878e-20   +6.5651e-20   +3.0192e-20   +5.6823e-20   +1.3896e-12   -1.5234e-12   +2.1065e-312   +2.8614e-312   +4.6858e-21   +8.8281e-21   +4.1258e-21   +7.7722e-21
 3.2000e+01   +2.9178e-20   +5.4934e-20   +2.5270e-20   +4.7569e-20   +1.2615e-12   -1.3836e-12   +2.1065e-312   +2.8614e-312   +3.9085e-21   +7.3649e-21   +3.4428e-21   +6.4866e-21
 3.2100e+01   +2.4409e-20   +4.5963e-20   +2.1149e-20   +3.9819e-20   +1.1453e-12   -1.2565e-12   +2.1065e-312   +2.8614e-312   +3.2594e-21   +6.1450e-21   +2.8721e-21   +5.4145e-21
 3.2200e+01   +2.0417e-20   +3.8454e-20   +1.7698e-20   +3.3329e-20   +1.0397e-12   -1.1411e-12   +2.1065e-312   +2.8614e-312   +2.7188e-21   +5.1251e-21   +2.3968e-21   +4.5175e-21
 3.2300e+01   +1.7078e-20   +3.2170e-20   +1.4810e-20   +2.7895e-20   +9.4388e-13   -1.0363e-12   +2.1065e-312   +2.8614e-312   +2.2674e-21   +4.2749e-21   +1.9996e-21   +3.7697e-21
 3.2400e+01   +1.4283e-20   +2.6911e-20   +1.2392e-20   +2.3346e-20   +8.5687e-13   -9.4113e-13   +2.1065e-312   +2.8614e-312   +1.8908e-21   +3.5656e-21   +1.6682e-21   +3.1454e-21
 3.2500e+01   +1.1945e-20   +2.2511e-20   +1.0369e-20   +1.9537e-20   +7.7787e-13   -8.5467e-13   +2.1065e-312   +2.8614e-312   +1.5767e-21   +2.9738e-21   +1.3916e-21   +2.6244e-21
 3.2600e+01   +9.9895e-21   +1.8828e-20   +8.6748e-21   +1.6348e-20   +7.0615e-13   -7.7614e-13   +2.1065e-312   +2.8614e-312   +1.3147e-21   +2.4801e-21   +1.1608e-21   +2.1895e-21
 3.2700e+01   +8.3533e-21   +1.5747e-20   +7.2572e-21   +1.3679e-20   +6.4103e-13   -7.0482e-13   +2.1065e-312   +2.8614e-312   +1.0962e-21   +2.0682e-21   +9.6820e-22   +1.8266e-21
 3.2800e+01   +6.9847e-21   +1.3170e-20   +6.0708e-21   +1.1445e-20   +5.8191e-13   -6.4004e-13   +2.1065e-312   +2.8614e-312   +9.1392e-22   +1.7247e-21   +8.0755e-22   +1.5238e-21
 3.2900e+01   +5.8400e-21   +1.1013e-20   +5.0781e-21   +9.5753e-21   +5.2824e-13   -5.8121e-13   +2.1065e-312   +2.8614e-312   +7.6193e-22   +1.4381e-21   +6.7351e-22   +1.2711e-21
 3.3000e+01   +4.8826e-21   +9.2095e-21   +4.2474e-21   +8.0104e-21   +4.7952e-13   -5.2778e-13   +2.1065e-312   +2.8614e-312   +6.3518e-22   +1.1991e-21   +5.6168e-22   +1.0602e-21
 3.3100e+01   +4.0818e-21   +7.7006e-21   +3.5523e-21   +6.7009e-21   +4.3528e-13   -4.7925e-13   +2.1065e-312   +2.8614e-312   +5.2949e-22   +9.9971e-22   +4.6840e-22   +8.8427e-22
 3.3200e+01   +3.4122e-21   +6.4385e-21   +2.9709e-21   +5.6050e-21   +3.9512e-13   -4.3518e-13   +2.1065e-312   +2.8614e-312   +4.4136e-22   +8.3347e-22   +3.9058e-22   +7.3750e-22
 3.3300e+01   +2.8523e-21   +5.3829e-21   +2.4844e-21   +4.6881e-21   +3.5866e-13   -3.9516e-13   +2.1065e-312   +2.8614e-312   +3.6787e-22   +6.9480e-22   +3.2566e-22   +6.1503e-22
 3.3400e+01   +2.3839e-21   +4.5001e-21   +2.0773e-21   +3.9209e-21   +3.2557e-13   -3.5882e-13   +2.1065e-312   +2.8614e-312   +3.0662e-22   +5.7922e-22   +2.7154e-22   +5.1291e-22
 3.3500e+01   +1.9926e-21   +3.7620e-21   +1.7370e-21   +3.2792e-21   +2.9552e-13   -3.2581e-13   +2.1065e-312   +2.8614e-312   +2.5554e-22   +4.8282e-22   +2.2639e-22   +4.2770e-22
 3.3600e+01   +1.6653e-21   +3.1445e-21   +1.4524e-21   +2.7421e-21   +2.6825e-13   -2.9584e-13   +2.1065e-312   +2.8614e-312   +2.1296e-22   +4.0244e-22   +1.8874e-22   +3.5663e-22
 3.3700e+01   +1.3917e-21   +2.6283e-21   +1.2143e-21   +2.2929e-21   +2.4349e-13   -2.6862e-13   +2.1065e-312   +2.8614e-312   +1.7747e-22   +3.3543e-22   +1.5734e-22   +2.9735e-22
 3.3800e+01   +1.1630e-21   +2.1967e-21   +1.0151e-21   +1.9172e-21   +2.2101e-13   -2.4390e-13   +2.1065e-312   +2.8614e-312   +1.4789e-22   +2.7956e-22   +1.3116e-22   +2.4791e-22
 3.3900e+01   +9.7180e-22   +1.8359e-21   +8.4858e-22   +1.6029e-21   +2.0060e-13   -2.2145e-13   +2.1065e-312   +2.8614e-312   +1.2323e-22   +2.3298e-22   +1.0933e-22   +2.0668e-22
 3.4000e+01   +8.1199e-22   +1.5343e-21   +7.0932e-22   +1.3401e-21   +1.8208e-13   -2.0107e-13   +2.1065e-312   +2.8614e-312   +1.0267e-22   +1.9415e-22   +9.1126e-23   +1.7230e-22
 3.4100e+01   +6.7844e-22   +1.2821e-21   +5.9289e-22   +1.1203e-21   +1.6527e-13   -1.8256e-13   +2.1065e-312   +2.8614e-312   +8.5544e-23   +1.6179e-22   +7.5950e-23   +1.4363e-22
 3.4200e+01   +5.6679e-22   +1.0713e-21   +4.9552e-22   +9.3651e-22   +1.5001e-13   -1.6575e-13   +2.1065e-312   +2.8614e-312   +7.1273e-23   +1.3481e-22   +6.3303e-23   +1.1972e-22
 3.4300e+01   +4.7351e-22   +8.9514e-22   +4.1413e-22   +7.8281e-22   +1.3615e-13   -1.5049e-13   +2.1065e-312   +2.8614e-312   +5.9389e-23   +1.1229e-22   +5.2768e-23   +9.9748e-23
 3.4400e+01   +3.9555e-22   +7.4789e-22   +3.4609e-22   +6.5430e-22   +1.2358e-13   -1.3664e-13   +2.1065e-312   +2.8614e-312   +4.9459e-23   +9.3596e-23   +4.3958e-23   +8.3179e-23
 3.4500e+01   +3.3040e-22   +6.2482e-22   +2.8920e-22   +5.4685e-22   +1.1216e-13   -1.2405e-13   +2.1065e-312   +2.8614e-312   +4.1204e-23   +7.7974e-23   +3.6634e-23   +6.9319e-23
 3.4600e+01   +2.7598e-22   +5.2198e-22   +2.4166e-22   +4.5702e-22   +1.0180e-13   -1.1263e-13   +2.1065e-312   +2.8614e-312   +3.4319e-23   +6.4960e-23   +3.0523e-23   +5.7770e-23
 3.4700e+01   -6.8596e-23   +8.8954e-22   -9.7181e-23   +8.3542e-22   +9.2392e-14   -1.0225e-13   +2.1065e-312   +2.8614e-312   +2.8585e-23   +5.4115e-23   +2.5432e-23   +4.8142e-23
 3.4800e+01   +2.1569e-22   +4.0807e-22   +1.8899e-22   +3.5752e-22   +8.3855e-14   -9.2832e-14   +2.1065e-312   +2.8614e-312   +2.3808e-23   +4.5079e-23   +2.1189e-23   +4.0116e-23
 3.4900e+01   +1.8010e-22   +3.4078e-22   +1.5787e-22   +2.9868e-22   +7.6106e-14   -8.4278e-14   +2.1065e-312   +2.8614e-312   +1.9828e-23   +3.7549e-23   +1.7653e-23   +3.3427e-23
 3.5000e+01   +1.5036e-22   +2.8458e-22   +1.3185e-22   +2.4952e-22   +6.9072e-14   -7.6513e-14   +2.1065e-312   +2.8614e-312   +4.7939e-23   +3.5062e-23   +4.5912e-23   +3.1220e-23
 3.5100e+01   +1.2554e-22   +2.3764e-22   +1.1012e-22   +2.0844e-22   +6.2688e-14   -6.9462e-14   +2.1065e-312   +2.8614e-312   +1.5414e-23   +2.9198e-23   +1.3731e-23   +2.6007e-23
 3.5200e+01   +1.0481e-22   +1.9842e-22   +9.1981e-23   +1.7411e-22   +5.6894e-14   -6.3060e-14   +2.1065e-312   +2.8614e-312   +1.2833e-23   +2.4313e-23   +1.1436e-23   +2.1664e-23
 3.5300e+01   +8.7499e-23   +1.6567e-22   +7.6814e-23   +1.4542e-22   +5.1634e-14   -5.7247e-14   +2.1065e-312   +2.8614e-312   +1.0684e-23   +2.0245e-23   +9.5240e-24   +1.8045e-23
 3.5400e+01   +7.3037e-23   +1.3831e-22   +6.4142e-23   +1.2146e-22   +4.6861e-14   -5.1970e-14   +2.1065e-312   +2.8614e-312   +8.8948e-24   +1.6857e-23   +7.9314e-24   +1.5029e-23
 3.5500e+01   +6.0966e-23   +1.1547e-22   +5.3562e-23   +1.0144e-22   +4.2528e-14   -4.7178e-14   +2.1065e-312   +2.8614e-312   +7.4044e-24   +1.4035e-23   +6.6046e-24   +1.2517e-23
 3.5600e+01   +5.0884e-23   +9.6396e-23   +4.4720e-23   +8.4711e-23   +3.8595e-14   -4.2828e-14   +2.1065e-312   +2.8614e-312   +6.1637e-24   +1.1685e-23   +5.4996e-24   +1.0425e-23
 3.5700e+01   +4.2471e-23   +8.0467e-23   +3.7340e-23   +7.0739e-23   +3.5026e-14   -3.8879e-14   +2.1065e-312   +2.8614e-312   +5.1304e-24   +9.7277e-24   +4.5791e-24   +8.6818e-24
 3.5800e+01   +3.5445e-23   +6.7167e-23   +3.1175e-23   +5.9069e-23   +3.1787e-14   -3.5293e-14   +2.1065e-312   +2.8614e-312   +4.2705e-24   +8.0981e-24   +3.8129e-24   +7.2297e-24
 3.5900e+01   +2.9581e-23   +5.6062e-23   +2.6026e-23   +4.9321e-23   +2.8847e-14   -3.2038e-14   +2.1065e-312   +2.8614e-312   +3.5544e-24   +6.7412e-24   +3.1746e-24   +6.0203e-24
 3.6000e+01   +2.4685e-23   +4.6790e-23   +2.1727e-23   +4.1179e-23   +2.6179e-14   -2.9083e-14   +2.1065e-312   +2.8614e-312   +2.9582e-24   +5.6113e-24   +2.6429e-24   +5.0129e-24
 3.6100e+01   +2.0598e-23   +3.9051e-23   +1.8136e-23   +3.4380e-23   +2.3757e-14   -2.6400e-14   +2.1065e-312   +2.8614e-312   +2.4620e-24   +4.6707e-24   +2.2003e-24   +4.1738e-24
 3.6200e+01   +1.7187e-23   +3.2588e-23   +1.5139e-23   +2.8701e-23   +2.1559e-14   -2.3964e-14   +2.1065e-312   +2.8614e-312   +2.0489e-24   +3.8875e-24   +1.8316e-24   +3.4751e-24
 3.6300e+01   +1.4341e-23   +2.7195e-23   +1.2636e-23   +2.3960e-23   +1.9564e-14   -2.1753e-14   +2.1065e-312   +2.8614e-312   +1.7050e-24   +3.2356e-24   +1.5247e-24   +2.8932e-24
 3.6400e+01   +1.1965e-23   +2.2693e-23   +1.0546e-23   +2.0000e-23   +1.7754e-14   -1.9746e-14   +2.1065e-312   +2.8614e-312   +1.4188e-24   +2.6928e-24   +1.2692e-24   +2.4086e-24
 3.6500e+01   +9.9822e-24   +1.8935e-23   +8.8016e-24   +1.6694e-23   +1.6111e-14   -1.7923e-14   +2.1065e-312   +2.8614e-312   +1.1806e-24   +2.2410e-24   +1.0564e-24   +2.0051e-24
 3.6600e+01   +8.3274e-24   +1.5799e-23   +7.3451e-24   +1.3934e-23   +1.4620e-14   -1.6269e-14   +2.1065e-312   +2.8614e-312   +9.8230e-25   +1.8649e-24   +8.7925e-25   +1.6691e-24
 3.6700e+01   +6.9467e-24   +1.3181e-23   +6.1294e-24   +1.1630e-23   +1.3267e-14   -1.4767e-14   +2.1065e-312   +2.8614e-312   +8.1730e-25   +1.5519e-24   +7.3178e-25   +1.3894e-24
 3.6800e+01   +5.7947e-24   +1.0997e-23   +5.1147e-24   +9.7056e-24   +1.2039e-14   -1.3404e-14   +2.1065e-312   +2.8614e-312   +6.7998e-25   +1.2913e-24   +6.0902e-25   +1.1565e-24
 3.6900e+01   +4.8335e-24   +9.1740e-24   +4.2678e-24   +8.0996e-24   +1.0925e-14   -1.2167e-14   +2.1065e-312   +2.8614e-312   +5.6571e-25   +1.0745e-24   +5.0683e-25   +9.6254e-25
 3.7000e+01   +4.0315e-24   +7.6530e-24   +3.5609e-24   +6.7590e-24   +9.9132e-15   -1.1043e-14   +2.1065e-312   +2.8614e-312   +4.7062e-25   +8.9398e-25   +4.2176e-25   +8.0111e-25
 3.7100e+01   +3.3624e-24   +6.3837e-24   +2.9709e-24   +5.6400e-24   +8.9954e-15   -1.0023e-14   +2.1065e-312   +2.8614e-312   +3.9150e-25   +7.4380e-25   +3.5096e-25   +6.6673e-25
 3.7200e+01   +2.8043e-24   +5.3248e-24   +2.4786e-24   +4.7060e-24   +8.1625e-15   -9.0977e-15   +2.1065e-312   +2.8614e-312   +3.2567e-25   +6.1881e-25   +2.9204e-25   +5.5485e-25
 3.7300e+01   +2.3386e-24   +4.4412e-24   +2.0677e-24   +3.9264e-24   +7.4067e-15   -8.2574e-15   +2.1065e-312   +2.8614e-312   +2.7090e-25   +5.1480e-25   +2.4299e-25   +4.6173e-25
 3.7400e+01   +1.9502e-24   +3.7041e-24   +1.7249e-24   +3.2759e-24   +6.7208e-15   -7.4947e-15   +2.1065e-312   +2.8614e-312   +2.2533e-25   +4.2826e-25   +2.0217e-25   +3.8422e-25
 3.7500e+01   +1.6262e-24   +3.0892e-24   +1.4388e-24   +2.7330e-24   +6.0984e-15   -6.8024e-15   +2.1065e-312   +2.8614e-312   +1.8741e-25   +3.5625e-25   +1.6821e-25   +3.1971e-25
 3.7600e+01   +1.3560e-24   +2.5763e-24   +1.2001e-24   +2.2799e-24   +5.5336e-15   -6.1739e-15   +2.1065e-312   +2.8614e-312   +1.5587e-25   +2.9634e-25   +1.3994e-25   +2.6602e-25
 3.7700e+01   +1.1306e-24   +2.1484e-24   +1.0010e-24   +1.9019e-24   +5.0210e-15   -5.6035e-15   +2.1065e-312   +2.8614e-312   +1.2964e-25   +2.4649e-25   +1.1642e-25   +2.2134e-25
 3.7800e+01   +9.4267e-25   +1.7915e-24   +8.3486e-25   +1.5864e-24   +4.5559e-15   -5.0857e-15   +2.1065e-312   +2.8614e-312   +1.0778e-25   +2.0507e-25   +9.6818e-26   +1.8421e-25
 3.7900e+01   +7.8594e-25   +1.4938e-24   +6.9628e-25   +1.3233e-24   +4.1338e-15   -4.6157e-15   +2.1065e-312   +2.8614e-312   +8.9657e-26   +1.7052e-25   +8.0561e-26   +1.5321e-25
 3.8000e+01   +6.5521e-25   +1.2455e-24   +5.8065e-25   +1.1037e-24   +3.7509e-15   -4.1891e-15   +2.1065e-312   +2.8614e-312   +7.4556e-26   +1.4182e-25   +6.7011e-26   +1.2746e-25
 3.8100e+01   +5.4621e-25   +1.0384e-24   +4.8421e-25   +9.2050e-25   +3.4033e-15   -3.8019e-15   +2.1065e-312   +2.8614e-312   +6.1997e-26   +1.1794e-25   +5.5738e-26   +1.0603e-25
 3.8200e+01   +4.5532e-25   +8.6576e-25   +4.0377e-25   +7.6768e-25   +3.0880e-15   -3.4505e-15   +2.1065e-312   +2.8614e-312   +5.1551e-26   +9.8082e-26   +4.6360e-26   +8.8200e-26
 3.8300e+01   +3.7954e-25   +7.2176e-25   +3.3668e-25   +6.4020e-25   +2.8018e-15   -3.1315e-15   +2.1065e-312   +2.8614e-312   +4.2861e-26   +8.1564e-26   +3.8556e-26   +7.3367e-26
 3.8400e+01   +3.1635e-25   +6.0169e-25   +2.8071e-25   +5.3387e-25   +2.5421e-15   -2.8420e-15   +2.1065e-312   +2.8614e-312   +3.5638e-26   +6.7824e-26   +3.2068e-26   +6.1025e-26
 3.8500e+01   +2.6368e-25   +5.0157e-25   +2.3405e-25   +4.4517e-25   +2.3065e-15   -2.5792e-15   +2.1065e-312   +2.8614e-312   +2.9630e-26   +5.6397e-26   +2.6669e-26   +5.0758e-26
 3.8600e+01   +2.1979e-25   +4.1809e-25   +1.9516e-25   +3.7119e-25   +2.0927e-15   -2.3407e-15   +2.1065e-312   +2.8614e-312   +2.4634e-26   +4.6893e-26   +2.2178e-26   +4.2216e-26
 3.8700e+01   +1.8315e-25   +3.4848e-25   +1.6267e-25   +3.0949e-25   +1.8988e-15   -2.1243e-15   +2.1065e-312   +2.8614e-312   +2.0480e-26   +3.8989e-26   +1.8443e-26   +3.5110e-26
 3.8800e+01   +1.5263e-25   +2.9046e-25   +1.3561e-25   +2.5804e-25   +1.7227e-15   -1.9278e-15   +2.1065e-312   +2.8614e-312   +1.7024e-26   +3.2417e-26   +1.5336e-26   +2.9199e-26
 3.8900e+01   +1.2720e-25   +2.4208e-25   +1.1304e-25   +2.1513e-25   +1.5630e-15   -1.7495e-15   +2.1065e-312   +2.8614e-312   +1.4152e-26   +2.6951e-26   +1.2752e-26   +2.4282e-26
 3.9000e+01   +1.0599e-25   +2.0175e-25   +9.4229e-26   +1.7935e-25   +1.4181e-15   -1.5877e-15   +2.1065e-312   +2.8614e-312   +1.1764e-26   +2.2406e-26   +1.0603e-26   +2.0193e-26
 3.9100e+01   +8.8320e-26   +1.6813e-25   +7.8542e-26   +1.4951e-25   +1.2866e-15   -1.4408e-15   +2.1065e-312   +2.8614e-312   +9.7784e-27   +1.8626e-26   +8.8156e-27   +1.6791e-26
 3.9200e+01   +7.3591e-26   +1.4011e-25   +6.5463e-26   +1.2463e-25   +1.1673e-15   -1.3075e-15   +2.1065e-312   +2.8614e-312   +8.1278e-27   +1.5484e-26   +7.3295e-27   +1.3962e-26
 3.9300e+01   +6.1315e-26   +1.1675e-25   +5.4560e-26   +1.0388e-25   +1.0591e-15   -1.1865e-15   +2.1065e-312   +2.8614e-312   +6.7553e-27   +1.2871e-26   +6.0934e-27   +1.1609e-26
 3.9400e+01   +5.1085e-26   +9.7287e-26   +4.5470e-26   +8.6588e-26   +9.6085e-16   -1.0767e-15   +2.1065e-312   +2.8614e-312   +5.6146e-27   +1.0699e-26   +5.0658e-27   +9.6524e-27
 3.9500e+01   +4.2560e-26   +8.1062e-26   +3.7894e-26   +7.2169e-26   +8.7173e-16   -9.7710e-16   +2.1065e-312   +2.8614e-312   +4.6662e-27   +8.8927e-27   +4.2113e-27   +8.0252e-27
 3.9600e+01   +3.5456e-26   +6.7540e-26   +3.1578e-26   +6.0148e-26   +7.9087e-16   -8.8667e-16   +2.1065e-312   +2.8614e-312   +3.8779e-27   +7.3913e-27   +3.5007e-27   +6.6720e-27
 3.9700e+01   +2.9536e-26   +5.6271e-26   +2.6314e-26   +5.0127e-26   +7.1751e-16   -8.0460e-16   +2.1065e-312   +2.8614e-312   +3.2227e-27   +6.1431e-27   +2.9100e-27   +5.5467e-27
 3.9800e+01   +2.4604e-26   +4.6880e-26   +2.1926e-26   +4.1774e-26   +6.5095e-16   -7.3013e-16   +2.1065e-312   +2.8614e-312   +2.6780e-27   +5.1056e-27   +2.4188e-27   +4.6111e-27
 3.9900e+01   +2.0495e-26   +3.9055e-26   +1.8269e-26   +3.4812e-26   +5.9056e-16   -6.6254e-16   +2.1065e-312   +2.8614e-312   +2.2254e-27   +4.2431e-27   +2.0105e-27   +3.8331e-27
  4.0000e+01   +1.7071e-26   +3.2534e-26   +1.5222e-26   +2.9008e-26   +5.3577e-16   -6.0121e-16   +2.4355e-312   +3.0326e-312   +1.8492e-27   +3.5262e-27   +1.6710e-27   +3.1863e-27
 4.0100e+01   +1.4219e-26   +2.7101e-26   +1.2682e-26   +2.4171e-26   +4.8605e-16   -5.4554e-16   +2.4355e-312   +3.0326e-312   +1.5365e-27   +2.9303e-27   +1.3888e-27   +2.6485e-27
 4.0200e+01   +1.1842e-26   +2.2575e-26   +1.0566e-26   +2.0140e-26   +4.4095e-16   -4.9503e-16   +2.4355e-312   +3.0326e-312   +1.2766e-27   +2.4350e-27   +1.1542e-27   +2.2014e-27
 4.0300e+01   +9.8626e-27   +1.8803e-26   +8.8019e-27   +1.6780e-26   +4.0003e-16   -4.4919e-16   +2.4355e-312   +3.0326e-312   +1.0607e-27   +2.0234e-27   +9.5924e-28   +1.8297e-27
 4.0400e+01   +8.2136e-27   +1.5661e-26   +7.3324e-27   +1.3980e-26   +3.6291e-16   -4.0759e-16   +2.4355e-312   +3.0326e-312   +8.8124e-28   +1.6812e-27   +7.9716e-28   +1.5207e-27
 4.0500e+01   +6.8401e-27   +1.3044e-26   +6.1079e-27   +1.1647e-26   +3.2923e-16   -3.6985e-16   +2.4355e-312   +3.0326e-312   +7.3213e-28   +1.3969e-27   +6.6244e-28   +1.2639e-27
 4.0600e+01   +5.6959e-27   +1.0863e-26   +5.0877e-27   +9.7027e-27   +2.9867e-16   -3.3559e-16   +2.4355e-312   +3.0326e-312   +6.0827e-28   +1.1605e-27   +5.5051e-28   +1.0503e-27
 4.0700e+01   +4.7430e-27   +9.0470e-27   +4.2377e-27   +8.0827e-27   +2.7095e-16   -3.0451e-16   +2.4355e-312   +3.0326e-312   +5.1072e-28   +9.6368e-28   +4.6285e-28   +8.7228e-28
 4.0800e+01   +3.9494e-27   +7.5339e-27   +3.5297e-27   +6.7328e-27   +2.4579e-16   -2.7630e-16   +2.4355e-312   +3.0326e-312   +4.1624e-28   +8.0508e-28   +3.7660e-28   +7.2939e-28
 4.0900e+01   +3.2884e-27   +6.2738e-27   +2.9397e-27   +5.6082e-27   +2.2298e-16   -2.5070e-16   +2.4355e-312   +3.0326e-312   +3.4833e-28   +6.6500e-28   +3.1549e-28   +6.0226e-28
 4.1000e+01   +2.7379e-27   +5.2242e-27   +2.4483e-27   +4.6713e-27   +2.0227e-16   -2.2747e-16   +2.4355e-312   +3.0326e-312   +2.8934e-28   +5.5244e-28   +2.6212e-28   +5.0044e-28
 4.1100e+01   +2.2795e-27   +4.3500e-27   +2.0389e-27   +3.8907e-27   +1.8349e-16   -2.0640e-16   +2.4355e-312   +3.0326e-312   +2.4065e-28   +4.5892e-28   +2.1809e-28   +4.1583e-28
 4.1200e+01   +1.8978e-27   +3.6217e-27   +1.6980e-27   +3.2402e-27   +1.6646e-16   -1.8727e-16   +2.4355e-312   +3.0326e-312   +1.9988e-28   +3.8121e-28   +1.8119e-28   +3.4550e-28
 4.1300e+01   +1.5814e-27   +3.0135e-27   +1.4154e-27   +2.6966e-27   +1.5100e-16   -1.6992e-16   +2.4355e-312   +3.0326e-312   +1.6688e-28   +3.1506e-28   +1.5137e-28   +2.8547e-28
 4.1400e+01   +1.3152e-27   +2.5107e-27   +1.1773e-27   +2.2474e-27   +1.3698e-16   -1.5417e-16   +2.4355e-312   +3.0326e-312   +1.3783e-28   +2.6325e-28   +1.2498e-28   +2.3870e-28
 4.1500e+01   +1.0644e-27   +2.0320e-27   +9.5316e-28   +1.8194e-27   +1.2426e-16   -1.3988e-16   +2.4355e-312   +3.0326e-312   +1.1127e-28   +2.1251e-28   +1.0093e-28   +1.9274e-28
 4.1600e+01   +8.8603e-28   +1.6916e-27   +7.9362e-28   +1.5151e-27   +1.1272e-16   -1.2692e-16   +2.4355e-312   +3.0326e-312   +9.2404e-29   +1.7651e-28   +8.3834e-29   +1.6013e-28
 4.1700e+01   +7.3758e-28   +1.4082e-27   +6.6084e-28   +1.2616e-27   +1.0225e-16   -1.1515e-16   +2.4355e-312   +3.0326e-312   +7.5436e-29   +1.4661e-28   +6.8391e-29   +1.3304e-28
 4.1800e+01   +6.1393e-28   +1.1723e-27   +5.5020e-28   +1.0505e-27   +9.2748e-17   -1.0448e-16   +2.4355e-312   +3.0326e-312   +6.6884e-29   +1.2176e-28   +6.1001e-29   +1.1052e-28
 4.1900e+01   +5.1098e-28   +9.7588e-28   +4.5805e-28   +8.7475e-28   +8.4133e-17   -9.4790e-17   +2.4355e-312   +3.0326e-312   +5.2707e-29   +1.0072e-28   +4.7853e-29   +9.1437e-29
 4.2000e+01   +4.2353e-28   +8.0911e-28   +3.7977e-28   +7.2545e-28   +7.6317e-17   -8.6002e-17   +2.4355e-312   +3.0326e-312   +4.3772e-29   +8.3651e-29   +3.9750e-29   +7.5960e-29
 4.2100e+01   +3.5250e-28   +6.7347e-28   +3.1616e-28   +6.0400e-28   +6.9227e-17   -7.8028e-17   +2.4355e-312   +3.0326e-312   +3.6341e-29   +6.9469e-29   +3.3010e-29   +6.3097e-29
 4.2200e+01   +2.9336e-28   +5.6055e-28   +2.6319e-28   +5.0287e-28   +6.2795e-17   -7.0792e-17   +2.4355e-312   +3.0326e-312   +3.0183e-29   +5.7689e-29   +2.7422e-29   +5.2410e-29
 4.2300e+01   +2.4413e-28   +4.6655e-28   +2.1908e-28   +4.1864e-28   +5.6960e-17   -6.4227e-17   +2.4355e-312   +3.0326e-312   +2.5055e-29   +4.7905e-29   +2.2769e-29   +4.3531e-29
 4.2400e+01   +2.0317e-28   +3.8829e-28   +1.8236e-28   +3.4851e-28   +5.1667e-17   -5.8270e-17   +2.4355e-312   +3.0326e-312   +2.0803e-29   +3.9779e-29   +1.8909e-29   +3.6156e-29
 4.2500e+01   +1.6907e-28   +3.2315e-28   +1.5179e-28   +2.9012e-28   +4.6866e-17   -5.2866e-17   +2.4355e-312   +3.0326e-312   +1.7272e-29   +3.3031e-29   +1.5703e-29   +3.0029e-29
 4.2600e+01   +1.4068e-28   +2.6893e-28   +1.2634e-28   +2.4151e-28   +4.2511e-17   -4.7962e-17   +2.4355e-312   +3.0326e-312   +1.4340e-29   +2.7426e-29   +1.3040e-29   +2.4939e-29
 4.2700e+01   +1.1706e-28   +2.2380e-28   +1.0516e-28   +2.0103e-28   +3.8560e-17   -4.3513e-17   +2.4355e-312   +3.0326e-312   +1.1905e-29   +2.2772e-29   +1.0829e-29   +2.0712e-29
 4.2800e+01   +9.7395e-29   +1.8625e-28   +8.7512e-29   +1.6734e-28   +3.4976e-17   -3.9477e-17   +2.4355e-312   +3.0326e-312   +9.8835e-30   +1.8907e-29   +8.9917e-30   +1.7200e-29
 4.2900e+01   +8.1040e-29   +1.5497e-28   +7.2836e-29   +1.3927e-28   +3.1725e-17   -3.5814e-17   +2.4355e-312   +3.0326e-312   +8.2048e-30   +1.5697e-29   +7.4661e-30   +1.4283e-29
 4.3000e+01   +6.7425e-29   +1.2895e-28   +6.0614e-29   +1.1591e-28   +2.8776e-17   -3.2491e-17   +2.4355e-312   +3.0326e-312   +6.8110e-30   +1.3032e-29   +6.1992e-30   +1.1861e-29
 4.3100e+01   +5.2913e-29   +1.0117e-28   +4.7582e-29   +9.0974e-29   +2.6101e-17   -2.9477e-17   +2.4355e-312   +3.0326e-312   +5.3308e-30   +1.0198e-29   +4.8533e-30   +9.2838e-30
 4.3200e+01   +4.4023e-29   +8.4182e-29   +3.9597e-29   +7.5716e-29   +2.3675e-17   -2.6741e-17   +2.4355e-312   +3.0326e-312   +4.4253e-30   +8.4664e-30   +4.0297e-30   +7.7092e-30
 4.3300e+01   +3.6625e-29   +7.0043e-29   +3.2951e-29   +6.3014e-29   +2.1474e-17   -2.4260e-17   +2.4355e-312   +3.0326e-312   +3.9328e-30   +7.5154e-30   +3.6090e-30   +6.8954e-30
 4.3400e+01   +3.0116e-29   +5.7616e-29   +2.7103e-29   +5.1848e-29   +1.9477e-17   -2.2008e-17   +2.4355e-312   +3.0326e-312   +3.0139e-30   +5.7681e-30   +2.7457e-30   +5.2546e-30
 4.3500e+01   +2.5054e-29   +4.7937e-29   +2.2552e-29   +4.3148e-29   +1.7666e-17   -1.9966e-17   +2.4355e-312   +3.0326e-312   +2.5016e-30   +4.7887e-30   +2.2795e-30   +4.3633e-30
 4.3600e+01   +2.0842e-29   +3.9881e-29   +1.8766e-29   +3.5906e-29   +1.6023e-17   -1.8113e-17   +2.4355e-312   +3.0326e-312   +2.0764e-30   +3.9752e-30   +1.8924e-30   +3.6229e-30
 4.3700e+01   +1.7338e-29   +3.3179e-29   +1.5614e-29   +2.9879e-29   +1.4533e-17   -1.6431e-17   +2.4355e-312   +3.0326e-312   +1.7235e-30   +3.2998e-30   +1.5711e-30   +3.0080e-30
 4.3800e+01   +1.4422e-29   +2.7602e-29   +1.2992e-29   +2.4863e-29   +1.3182e-17   -1.4906e-17   +2.4355e-312   +3.0326e-312   +1.4305e-30   +2.7391e-30   +1.3043e-30   +2.4974e-30
 4.3900e+01   +1.1996e-29   +2.2961e-29   +1.0809e-29   +2.0688e-29   +1.1956e-17   -1.3522e-17   +2.4355e-312   +3.0326e-312   +1.1873e-30   +2.2736e-30   +1.0828e-30   +2.0734e-30
 4.4000e+01   +9.9778e-30   +1.9100e-29   +8.9924e-30   +1.7213e-29   +1.0844e-17   -1.2267e-17   +2.4355e-312   +3.0326e-312   +7.9978e-31   +1.5287e-30   +7.2969e-31   +1.3947e-30
 4.4100e+01   +5.9630e-30   +1.5888e-29   +5.1452e-30   +1.4322e-29   +9.8352e-18   -1.1128e-17   +2.4355e-312   +3.0326e-312   +6.6389e-31   +1.2691e-30   +6.0583e-31   +1.1580e-30
 4.4200e+01   +5.6153e-30   +1.0730e-29   +5.0642e-30   +9.6769e-30   +8.9204e-18   -1.0095e-17   +2.4355e-312   +3.0326e-312   +1.5502e-31   +2.8938e-31   +1.4153e-31   +2.6417e-31
 4.4300e+01   -3.0647e-31   +8.9270e-30   -7.6387e-31   +8.0524e-30   +8.0906e-18   -9.1571e-18   +2.4355e-312   +3.0326e-312   +1.2853e-31   +2.3996e-31   +1.1736e-31   +2.1910e-31
 4.4400e+01   +1.0931e-30   +2.0396e-30   +9.8652e-31   +1.8407e-30   +7.3380e-18   -8.3068e-18   +2.4355e-312   +3.0326e-312   +1.0656e-31   +1.9898e-31   +9.7325e-32   +1.8172e-31
 4.4500e+01   +9.0820e-31   +1.6949e-30   +8.1985e-31   +1.5299e-30   +6.6553e-18   -7.5353e-18   +2.4355e-312   +3.0326e-312   -3.9433e-31   +8.7572e-31   -3.9628e-31   +8.7200e-31
 4.4600e+01   +7.5455e-31   +1.4084e-30   +6.8131e-31   +1.2716e-30   +6.0361e-18   -6.8354e-18   +2.4355e-312   +3.0326e-312   +1.8482e-32   +3.5167e-32   +1.6867e-32   +3.2092e-32
 4.4700e+01   +1.5612e-31   +2.9691e-31   +1.4081e-31   +2.6778e-31   +5.4745e-18   -6.2006e-18   +2.4355e-312   +3.0326e-312   +1.5310e-32   +2.9136e-32   +1.3975e-32   +2.6594e-32
 4.4800e+01   +1.2961e-31   +2.4652e-31   +1.1692e-31   +2.2238e-31   +4.9651e-18   -5.6246e-18   +2.4355e-312   +3.0326e-312   +1.2683e-32   +2.4138e-32   +1.1579e-32   +2.2036e-32
 4.4900e+01   +1.0759e-31   +2.0467e-31   +9.7084e-32   +1.8467e-31   +4.5031e-18   -5.1021e-18   +2.4355e-312   +3.0326e-312   +1.0505e-32   +1.9997e-32   +9.5933e-33   +1.8260e-32
 4.5000e+01   +8.9311e-32   +1.6992e-31   +8.0609e-32   +1.5335e-31   +4.0840e-18   -4.6281e-18   +2.4355e-312   +3.0326e-312   +8.7018e-33   +1.6566e-32   +7.9479e-33   +1.5130e-32
 4.5100e+01   +7.4135e-32   +1.4106e-31   +6.6928e-32   +1.2734e-31   +3.7040e-18   -4.1981e-18   +2.4355e-312   +3.0326e-312   +7.2076e-33   +1.3723e-32   +6.5846e-33   +1.2536e-32
 4.5200e+01   +6.1537e-32   +1.1711e-31   +5.5567e-32   +1.0574e-31   +3.3593e-18   -3.8081e-18   +2.4355e-312   +3.0326e-312   +5.9699e-33   +1.1368e-32   +5.4549e-33   +1.0387e-32
 4.5300e+01   +5.1077e-32   +9.7215e-32   +4.6133e-32   +8.7798e-32   +3.0466e-18   -3.4542e-18   +2.4355e-312   +3.0326e-312   +4.9446e-33   +9.4167e-33   +4.5190e-33   +8.6057e-33
 4.5400e+01   +4.2394e-32   +8.0699e-32   +3.8299e-32   +7.2899e-32   +2.7630e-18   -3.1333e-18   +2.4355e-312   +3.0326e-312   +4.0953e-33   +7.8002e-33   +3.7435e-33   +7.1298e-33
 4.5500e+01   +3.5184e-32   +6.6983e-32   +3.1793e-32   +6.0522e-32   +2.5059e-18   -2.8421e-18   +2.4355e-312   +3.0326e-312   +3.3915e-33   +6.4605e-33   +3.1008e-33   +5.9065e-33
 4.5600e+01   +2.9203e-32   +5.5604e-32   +2.6394e-32   +5.0252e-32   +2.2726e-18   -2.5780e-18   +2.4355e-312   +3.0326e-312   +2.8090e-33   +5.3516e-33   +2.5688e-33   +4.8936e-33
 4.5700e+01   +2.4237e-32   +4.6154e-32   +2.1911e-32   +4.1721e-32   +2.0610e-18   -2.3384e-18   +2.4355e-312   +3.0326e-312   +2.3263e-33   +4.4326e-33   +2.1278e-33   +4.0541e-33
 4.5800e+01   +2.0115e-32   +3.8308e-32   +1.8188e-32   +3.4637e-32   +1.8692e-18   -2.1210e-18   +2.4355e-312   +3.0326e-312   +1.9266e-33   +3.6713e-33   +1.7625e-33   +3.3585e-33
 4.5900e+01   +1.6693e-32   +3.1795e-32   +1.5097e-32   +2.8755e-32   +1.6951e-18   -1.9239e-18   +2.4355e-312   +3.0326e-312   +1.5954e-33   +3.0407e-33   +1.4599e-33   +2.7821e-33
 4.6000e+01   +1.3853e-32   +2.6389e-32   +1.2531e-32   +2.3871e-32   +1.5373e-18   -1.7451e-18   +2.4355e-312   +3.0326e-312   +1.3212e-33   +2.5183e-33   +1.2092e-33   +2.3046e-33
 4.6100e+01   +1.1495e-32   +2.1901e-32   +1.0401e-32   +1.9816e-32   +1.3942e-18   -1.5828e-18   +2.4355e-312   +3.0326e-312   +1.0941e-33   +2.0857e-33   +1.0015e-33   +1.9091e-33
 4.6200e+01   +9.5391e-33   +1.8176e-32   +8.6332e-33   +1.6449e-32   +1.2644e-18   -1.4357e-18   +2.4355e-312   +3.0326e-312   +9.0597e-34   +1.7273e-33   +8.2946e-34   +1.5813e-33
 4.6300e+01   +7.9155e-33   +1.5084e-32   +7.1653e-33   +1.3654e-32   +1.1466e-18   -1.3022e-18   +2.4355e-312   +3.0326e-312   +7.5018e-34   +1.4304e-33   +6.8697e-34   +1.3098e-33
 4.6400e+01   +6.5680e-33   +1.2518e-32   +5.9468e-33   +1.1333e-32   +1.0398e-18   -1.1811e-18   +2.4355e-312   +3.0326e-312   +6.2118e-34   +1.1846e-33   +5.6894e-34   +1.0849e-33
 4.6500e+01   +5.4498e-33   +1.0388e-32   +4.9354e-33   +9.4071e-33   +9.4301e-19   -1.0713e-18   +2.4355e-312   +3.0326e-312   +5.1434e-34   +9.8097e-34   +4.7118e-34   +8.9860e-34
 4.6600e+01   +4.5217e-33   +8.6200e-33   +4.0958e-33   +7.8077e-33   +8.5518e-19   -9.7169e-19   +2.4355e-312   +3.0326e-312   +4.2586e-34   +8.1230e-34   +3.9020e-34   +7.4424e-34
 4.6700e+01   +3.7517e-33   +7.1530e-33   +3.3991e-33   +6.4804e-33   +7.7553e-19   -8.8133e-19   +2.4355e-312   +3.0326e-312   +3.5261e-34   +6.7266e-34   +3.2314e-34   +6.1642e-34
 4.6800e+01   +3.1127e-33   +5.9354e-33   +2.8208e-33   +5.3784e-33   +7.0330e-19   -7.9937e-19   +2.4355e-312   +3.0326e-312   +2.9194e-34   +5.5700e-34   +2.6759e-34   +5.1052e-34
 4.6900e+01   +2.5825e-33   +4.9249e-33   +2.3407e-33   +4.4637e-33   +6.3779e-19   -7.2503e-19   +2.4355e-312   +3.0326e-312   +2.4171e-34   +4.6121e-34   +2.2159e-34   +4.2281e-34
 4.7000e+01   +2.1425e-33   +4.0863e-33   +1.9424e-33   +3.7044e-33   +5.7838e-19   -6.5759e-19   +2.4355e-312   +3.0326e-312   +2.0011e-34   +3.8189e-34   +1.8349e-34   +3.5015e-34
 4.7100e+01   +1.7774e-33   +3.3904e-33   +1.6117e-33   +3.0742e-33   +5.2450e-19   -5.9643e-19   +2.4355e-312   +3.0326e-312   +1.6567e-34   +3.1620e-34   +1.5194e-34   +2.8998e-34
 4.7200e+01   +1.4745e-33   +2.8130e-33   +1.3374e-33   +2.5512e-33   +4.7564e-19   -5.4095e-19   +2.4355e-312   +3.0326e-312   +1.3715e-34   +2.6180e-34   +1.2581e-34   +2.4014e-34
 4.7300e+01   +1.2232e-33   +2.3338e-33   +1.1097e-33   +2.1171e-33   +4.3133e-19   -4.9063e-19   +2.4355e-312   +3.0326e-312   +1.1354e-34   +2.1676e-34   +1.0417e-34   +1.9886e-34
 4.7400e+01   +1.0147e-33   +1.9362e-33   +9.2069e-34   +1.7568e-33   +3.9114e-19   -4.4499e-19   +2.4355e-312   +3.0326e-312   +9.3996e-35   +1.7946e-34   +8.6254e-35   +1.6467e-34
 4.7500e+01   +8.4170e-34   +1.6063e-33   +7.6389e-34   +1.4577e-33   +3.5470e-19   -4.0359e-19   +2.4355e-312   +3.0326e-312   +7.7812e-35   +1.4858e-34   +7.1416e-35   +1.3636e-34
 4.7600e+01   +6.9818e-34   +1.3326e-33   +6.3377e-34   +1.2096e-33   +3.2165e-19   -3.6604e-19   +2.4355e-312   +3.0326e-312   +6.4412e-35   +1.2301e-34   +5.9129e-35   +1.1291e-34
 4.7700e+01   +5.7912e-34   +1.1055e-33   +5.2580e-34   +1.0036e-33   +2.9167e-19   -3.3198e-19   +2.4355e-312   +3.0326e-312   +5.3319e-35   +1.0183e-34   +4.8954e-35   +9.3493e-35
 4.7800e+01   +4.8033e-34   +9.1703e-34   +4.3620e-34   +8.3272e-34   +2.6450e-19   -3.0109e-19   +2.4355e-312   +3.0326e-312   +4.4135e-35   +8.4303e-35   +4.0530e-35   +7.7413e-35
 4.7900e+01   +3.9842e-34   +7.6069e-34   +3.6188e-34   +6.9090e-34   +2.3985e-19   -2.7307e-19   +2.4355e-312   +3.0326e-312   +3.6533e-35   +6.9789e-35   +3.3554e-35   +6.4096e-35
 4.8000e+01   +3.3045e-34   +6.3099e-34   +3.0021e-34   +5.7322e-34   +2.1749e-19   -2.4766e-19   +2.4355e-312   +3.0326e-312   +3.0239e-35   +5.7773e-35   +2.7779e-35   +5.3070e-35
 4.8100e+01   +2.7407e-34   +5.2339e-34   +2.4904e-34   +4.7557e-34   +1.9722e-19   -2.2462e-19   +2.4355e-312   +3.0326e-312   +2.5029e-35   +4.7824e-35   +2.2997e-35   +4.3939e-35
 4.8200e+01   +2.2730e-34   +4.3413e-34   +2.0659e-34   +3.9454e-34   +1.7884e-19   -2.0371e-19   +2.4355e-312   +3.0326e-312   +2.0716e-35   +3.9588e-35   +1.9037e-35   +3.6378e-35
 4.8300e+01   +1.8851e-34   +3.6008e-34   +1.7136e-34   +3.2731e-34   +1.6217e-19   -1.8475e-19   +2.4355e-312   +3.0326e-312   +1.7146e-35   +3.2769e-35   +1.5760e-35   +3.0118e-35
 4.8400e+01   +1.5633e-34   +2.9866e-34   +1.4214e-34   +2.7153e-34   +1.4706e-19   -1.6755e-19   +2.4355e-312   +3.0326e-312   +1.4191e-35   +2.7124e-35   +1.3046e-35   +2.4934e-35
 4.8500e+01   +1.2967e-34   +2.4770e-34   +1.1793e-34   +2.2525e-34   +1.3335e-19   -1.5196e-19   +2.4355e-312   +3.0326e-312   +1.1745e-35   +2.2451e-35   +1.0799e-35   +2.0642e-35
 4.8600e+01   +1.0751e-34   +2.0544e-34   +9.7793e-35   +1.8685e-34   +1.2092e-19   -1.3781e-19   +2.4355e-312   +3.0326e-312   +9.7202e-36   +1.8583e-35   +8.9389e-36   +1.7089e-35
 4.8700e+01   +8.9156e-35   +1.7038e-34   +8.1111e-35   +1.5500e-34   +1.0965e-19   -1.2498e-19   +2.4355e-312   +3.0326e-312   +8.0444e-36   +1.5381e-35   +7.3991e-36   +1.4146e-35
 4.8800e+01   +7.3931e-35   +1.4130e-34   +6.7273e-35   +1.2857e-34   +9.9423e-20   -1.1335e-19   +2.4355e-312   +3.0326e-312   +6.6574e-36   +1.2730e-35   +6.1244e-36   +1.1711e-35
 4.8900e+01   +6.1304e-35   +1.1718e-34   +5.5795e-35   +1.0664e-34   +9.0154e-20   -1.0280e-19   +2.4355e-312   +3.0326e-312   +5.5094e-36   +1.0536e-35   +5.0692e-36   +9.6939e-36
 4.9000e+01   +5.0833e-35   +9.7174e-35   +4.6274e-35   +8.8453e-35   +8.1748e-20   -9.3225e-20   +2.4355e-312   +3.0326e-312   +4.5592e-36   +8.7201e-36   +4.1957e-36   +8.0243e-36
 4.9100e+01   +4.2149e-35   +8.0582e-35   +3.8376e-35   +7.3365e-35   +7.4126e-20   -8.4544e-20   +2.4355e-312   +3.0326e-312   +3.7729e-36   +7.2168e-36   +3.4726e-36   +6.6422e-36
 4.9200e+01   -2.3363e-34   +6.6822e-35   -2.3675e-34   +6.0849e-35   +6.7214e-20   -7.6672e-20   +2.4355e-312   +3.0326e-312   +3.1221e-36   +5.9726e-36   +2.8741e-36   +5.4980e-36
 4.9300e+01   -6.2698e-36   +5.5410e-35   -5.7054e-36   +5.0467e-35   +6.0947e-20   -6.9532e-20   +2.4355e-312   +3.0326e-312   -5.6444e-37   +4.9428e-36   -5.1925e-37   +4.5508e-36
 4.9400e+01   +9.0922e-36   +1.7376e-35   +8.2850e-36   +1.5833e-35   +5.5263e-20   -6.3057e-20   +2.4355e-312   +3.0326e-312   +8.0725e-37   +1.5429e-36   +7.4353e-37   +1.4211e-36
 4.9500e+01   +7.5415e-36   +1.4414e-35   +6.8732e-36   +1.3137e-35   +5.0110e-20   -5.7185e-20   +2.4355e-312   +3.0326e-312   +6.6825e-37   +1.2774e-36   +6.1561e-37   +1.1767e-36
 4.9600e+01   +6.2551e-36   +1.1956e-35   +5.7019e-36   +1.0899e-35   +4.5436e-20   -5.1859e-20   +2.4355e-312   +3.0326e-312   +5.5317e-37   +1.0575e-36   +5.0968e-37   +9.7435e-37
 4.9700e+01   +5.1880e-36   +9.9176e-36   +4.7301e-36   +9.0422e-36   +4.1199e-20   -4.7029e-20   +2.4355e-312   +3.0326e-312   +4.5790e-37   +8.7545e-37   +4.2197e-37   +8.0675e-37
 4.9800e+01   +4.3028e-36   +8.2262e-36   +3.9238e-36   +7.5015e-36   +3.7356e-20   -4.2649e-20   +2.4355e-312   +3.0326e-312   +3.7902e-37   +7.2476e-37   +3.4934e-37   +6.6800e-37
 4.9900e+01   +3.5688e-36   +6.8220e-36   +3.2550e-36   +6.2221e-36   +3.3872e-20   -3.8676e-20   +2.4355e-312   +3.0326e-312   +3.1374e-37   +5.9994e-37   +2.8922e-37   +5.5305e-37
